   8.2485978423186711E-004 -0.99984940935000000     
   4.1496545304876391E-003 -0.99924713745000004     
   1.0863879658974371E-002 -0.99804295643999996     
   2.1081093828943291E-002 -0.99623759168000003     
   3.4924583078624886E-002 -0.99383213063999998     
   5.2468072731814773E-002 -0.99082802228000000     
   7.3679091483974640E-002 -0.98722707618000005     
   9.8377840565046143E-002 -0.98303146139999997     
  0.12621794786149512      -0.97824370522000004     
  0.15668342427088133      -0.97286669161999995     
  0.18910482814455784      -0.96690365949000001     
  0.22273507264607378      -0.96035820076000000     
  0.25696438595239973      -0.95323425815999996     
  0.29170850764376355      -0.94553612289000000     
  0.32773253317836992      -0.93726843200999999     
  0.36616984444614259      -0.92843616566999998     
  0.40638807040699232      -0.91904464410999998     
  0.44318934485190925      -0.90909952440999997     
  0.46829743806807700      -0.89860679716000003     
  0.47906691727345191      -0.88757278276999996     
  0.48268810214950914      -0.87600412773000003     
  0.48680292945021081      -0.86390780055000005     
  0.49469523248318065      -0.85129108762000005     
  0.51164664777614433      -0.83816158878000002     
  0.53940901318790913      -0.82452721272999996     
  0.56450535597106954      -0.81039617232000005     
  0.57354687194522358      -0.79577697955000004     
  0.57640954036421987      -0.78067844049000001     
  0.58942481605231223      -0.76510964992999997     
  0.61118604620860317      -0.74907998593000003     
  0.62674694325920111      -0.73259910414999996     
  0.63272627017818639      -0.71567693207000005     
  0.63597591724644953      -0.69832366296000004     
  0.63901852584017882      -0.68054974979000005     
  0.64199849776709761      -0.66236589889999997     
  0.64635572489982385      -0.64378306356000004     
  0.65371870019850542      -0.62481243737000003     
  0.66361358966898454      -0.60546544753999998     
  0.67302044126078364      -0.58575374796000002     
  0.67901894225052317      -0.56568921222000002     
  0.68229097886731771      -0.54528392645000001     
  0.68618194286243450      -0.52455018204000003     
  0.69261485384913990      -0.50350046821000005     
  0.70164041965017820      -0.48214746453000001     
  0.71250225211205809      -0.46050403324000000     
  0.72436129255598580      -0.43858321154000002     
  0.73644197719143156      -0.41639820372000003     
  0.74771658244591355      -0.39396237318999999     
  0.75649574531808461      -0.37128923445000001     
  0.76468838459804978      -0.34839244495999999     
  0.77344344777677954      -0.32528579689999998     
  0.78297555461828927      -0.30198320883000002     
  0.79190573628123428      -0.27849871735999998     
  0.79972825812948056      -0.25484646868999999     
  0.80620398820056838      -0.23104071003000001     
  0.81084071893559295      -0.20709578108999999     
  0.81318479512888808      -0.18302610539000000     
  0.81307593294769887      -0.15884618161000000     
  0.81058020837265821      -0.13457057483000001     
  0.80579870231694573      -0.11021390775999999     
  0.79877967936643135       -8.5790851964999998E-002
  0.78969655480026202       -6.1316118964000001E-002
  0.77925230803300705       -3.6804451425000002E-002
  0.76914381246605945       -1.2270614261000000E-002
  0.76163003969102949        1.2270614261000000E-002
  0.75787267974279637        3.6804451425000002E-002
  0.75709588888278956        6.1316118964000001E-002
  0.75741258773591658        8.5790851964999998E-002
  0.75713346526095682       0.11021390775999999     
  0.75607765504460434       0.13457057483000001     
  0.75492397405671374       0.15884618161000000     
  0.75102758057058205       0.18302610539000000     
  0.74062624123000731       0.20709578108999999     
  0.73036512287042643       0.23104071003000001     
  0.72699976290631296       0.25484646868999999     
  0.72618062093034796       0.27849871735999998     
  0.72135647527708913       0.30198320883000002     
  0.71138132007228883       0.32528579689999998     
  0.69988288816032940       0.34839244495999999     
  0.69059963255035506       0.37128923445000001     
  0.68445647553823386       0.39396237318999999     
  0.67961826342365139       0.41639820372000003     
  0.67288950410001935       0.43858321154000002     
  0.66204437648497072       0.46050403324000000     
  0.64864298788531793       0.48214746453000001     
  0.63684413585584365       0.50350046821000005     
  0.62808877296525756       0.52455018204000003     
  0.62007678628763818       0.54528392645000001     
  0.61040651309875937       0.56568921222000002     
  0.59878050030290131       0.58575374796000002     
  0.58671145243384759       0.60546544753999998     
  0.57651195511618269       0.62481243737000003     
  0.57010707628881618       0.64378306356000004     
  0.56800434299787528       0.66236589889999997     
  0.56928878739508015       0.68054974979000005     
  0.57257963119966326       0.69832366296000004     
  0.57672465840910181       0.71567693207000005     
  0.58050904958725780       0.73259910414999996     
  0.58227437370708657       0.74907998593000003     
  0.58005149152102331       0.76510964992999997     
  0.57197928222011352       0.78067844049000001     
  0.55704016571602755       0.79577697955000004     
  0.53596826969974842       0.81039617232000005     
  0.51187532399683255       0.82452721272999996     
  0.48972870137829316       0.83816158878000002     
  0.47375835247278331       0.85129108762000005     
  0.46509063728169625       0.86390780055000005     
  0.46217226335544248       0.87600412773000003     
  0.46213002256351504       0.88757278276999996     
  0.46133731429524788       0.89860679716000003     
  0.45548866613735112       0.90909952440999997     
  0.44022884756860065       0.91904464410999998     
  0.41279004892052756       0.92843616566999998     
  0.37369783551567870       0.93726843200999999     
  0.32682042189139565       0.94553612289000000     
  0.27747246881142118       0.95323425815999996     
  0.23018788815645227       0.96035820076000000     
  0.18758763522936345       0.96690365949000001     
  0.15049623190846517       0.97286669161999995     
  0.11867629584108461       0.97824370522000004     
   9.1524539075656997E-002  0.98303146139999997     
   6.8458025857163332E-002  0.98722707618000005     
   4.9042196161998869E-002  0.99082802228000000     
   3.2998149042517785E-002  0.99383213063999998     
   2.0176812314698062E-002  0.99623759168000003     
   1.0526854031516066E-002  0.99804295643999996     
   4.0585101191930630E-003  0.99924713745000004     
   8.1089509071150152E-004  0.99984940935000000     
