   2.6776969994606707E-002   3.5562855499233718E-003
  0.13386872233708616        1.7366682911429780E-002
  0.34798771825646424        4.3968257612898506E-002
  0.66900497934031666        8.1507772960017877E-002
   1.0967271393235236       0.12746132304181942     
   1.6308965543321203       0.17902536831714125     
   2.2711914575807075       0.23345521747406298     
   3.0172261620792096       0.28819857440717422     
   3.8685512846771100       0.34121924702269979     
   4.8246540163393377       0.39143471142782910     
   5.8849584404312685       0.43850238980536638     
   7.0488258652291673       0.48261155426544533     
   8.3155552222210929       0.52368224163652377     
   9.6843834804111388       0.56220390608716353     
   11.154486110411325       0.59941828473254188     
   12.724977576983441       0.63603028166523157     
   14.394911872477982       0.67324149611527440     
   16.163283094726275       0.71124405509151611     
   18.029026039157635       0.75034192195176697     
   19.991016854929281       0.78603901030985057     
   22.048073709946674       0.81691871559881624     
   24.198957512784339       0.84228873531899895     
   26.442372648831405       0.86053561455782168     
   28.776967768003111       0.86827966936122891     
   31.201336600902270       0.86668606127859193     
   33.714018796318328       0.85935727951043295     
   36.313500810292304       0.84803367525601803     
   38.998216809406507       0.83553575240788658     
   41.766549622083957       0.82839571707847703     
   44.616831707669043       0.82519237419656899     
   47.547346164627093       0.81994879390439657     
   50.556327758303169       0.81273194759503942     
   53.641963993134432       0.80496542790011993     
   56.802396195530932       0.79989651727032551     
   60.035720639431801       0.79577169952074212     
   63.339989691420634       0.78690873341516843     
   66.713212984291175       0.77366841279642218     
   70.153358611950395       0.76217281900723621     
   73.658354361662234       0.75654099012742537     
   77.226088955182334       0.75510061511114690     
   80.854413321898662       0.75698087619876508     
   84.541141893309955       0.75610717304631248     
   88.284053924176106       0.74732729714051604     
   92.080894822559046       0.73554000049849233     
   95.929377515426410       0.71560791351196740     
   99.827183819589422       0.68797171960944503     
   103.77196584109100       0.66433298958993647     
   107.76134739237507       0.64720267609199544     
   111.79292542012458       0.63310397967562937     
   115.86427145088106       0.61573268674849058     
   119.97293305622335       0.59475646575637542     
   124.11643533572777       0.57416081880848557     
   128.29228239815012       0.55487642672289383     
   132.49795886572326       0.53615808999118175     
   136.73093139979264       0.51860004971372842     
   140.98865021400420       0.50342809681831258     
   145.26855061949948       0.48946304741357483     
   149.56805456299745       0.47789763232162757     
   153.88457218443617       0.46791795761913235     
   158.21550337639260       0.45991488698793848     
   162.55823934439130       0.45580175607644113     
   166.91016418961755       0.45243022330123633     
   171.26865647456060       0.44849728963183205     
   175.63109080626035       0.44730426997738304     
