 -0.99984940935000000        0.0000000000000000     
 -0.99924713745000004        0.0000000000000000     
 -0.99804295643999996        0.0000000000000000     
 -0.99623759168000003        0.0000000000000000     
 -0.99383213063999998        0.0000000000000000     
 -0.99082802228000000        0.0000000000000000     
 -0.98722707618000005        0.0000000000000000     
 -0.98303146139999997        0.0000000000000000     
 -0.97824370522000004        0.0000000000000000     
 -0.97286669161999995        0.0000000000000000     
 -0.96690365949000001        0.0000000000000000     
 -0.96035820076000000        0.0000000000000000     
 -0.95323425815999996        0.0000000000000000     
 -0.94553612289000000        0.0000000000000000     
 -0.93726843200999999        0.0000000000000000     
 -0.92843616566999998        0.0000000000000000     
 -0.91904464410999998        0.0000000000000000     
 -0.90909952440999997        0.0000000000000000     
 -0.89860679716000003        0.0000000000000000     
 -0.88757278276999996        0.0000000000000000     
 -0.87600412773000003        0.0000000000000000     
 -0.86390780055000005        0.0000000000000000     
 -0.85129108762000005        0.0000000000000000     
 -0.83816158878000002        0.0000000000000000     
 -0.82452721272999996        0.0000000000000000     
 -0.81039617232000005        0.0000000000000000     
 -0.79577697955000004        0.0000000000000000     
 -0.78067844049000001        0.0000000000000000     
 -0.76510964992999997        0.0000000000000000     
 -0.74907998593000003        0.0000000000000000     
 -0.73259910414999996        0.0000000000000000     
 -0.71567693207000005        0.0000000000000000     
 -0.69832366296000004        0.0000000000000000     
 -0.68054974979000005        0.0000000000000000     
 -0.66236589889999997        0.0000000000000000     
 -0.64378306356000004        0.0000000000000000     
 -0.62481243737000003        0.0000000000000000     
 -0.60546544753999998        0.0000000000000000     
 -0.58575374796000002        0.0000000000000000     
 -0.56568921222000002        0.0000000000000000     
 -0.54528392645000001        0.0000000000000000     
 -0.52455018204000003        0.0000000000000000     
 -0.50350046821000005        0.0000000000000000     
 -0.48214746453000001        0.0000000000000000     
 -0.46050403324000000        0.0000000000000000     
 -0.43858321154000002        0.0000000000000000     
 -0.41639820372000003        0.0000000000000000     
 -0.39396237318999999        0.0000000000000000     
 -0.37128923445000001        0.0000000000000000     
 -0.34839244495999999        0.0000000000000000     
 -0.32528579689999998        0.0000000000000000     
 -0.30198320883000002        0.0000000000000000     
 -0.27849871735999998        0.0000000000000000     
 -0.25484646868999999        0.0000000000000000     
 -0.23104071003000001        0.0000000000000000     
 -0.20709578108999999        0.0000000000000000     
 -0.18302610539000000        0.0000000000000000     
 -0.15884618161000000        0.0000000000000000     
 -0.13457057483000001        0.0000000000000000     
 -0.11021390775999999        0.0000000000000000     
  -8.5790851964999998E-002   0.0000000000000000     
  -6.1316118964000001E-002   0.0000000000000000     
  -3.6804451425000002E-002   0.0000000000000000     
  -1.2270614261000000E-002   0.0000000000000000     
   1.2270614261000000E-002   0.0000000000000000     
   3.6804451425000002E-002   0.0000000000000000     
   6.1316118964000001E-002   0.0000000000000000     
   8.5790851964999998E-002   0.0000000000000000     
  0.11021390775999999        0.0000000000000000     
  0.13457057483000001        0.0000000000000000     
  0.15884618161000000        0.0000000000000000     
  0.18302610539000000        0.0000000000000000     
  0.20709578108999999        0.0000000000000000     
  0.23104071003000001        0.0000000000000000     
  0.25484646868999999        0.0000000000000000     
  0.27849871735999998        0.0000000000000000     
  0.30198320883000002        0.0000000000000000     
  0.32528579689999998        0.0000000000000000     
  0.34839244495999999        0.0000000000000000     
  0.37128923445000001        0.0000000000000000     
  0.39396237318999999        0.0000000000000000     
  0.41639820372000003        0.0000000000000000     
  0.43858321154000002        0.0000000000000000     
  0.46050403324000000        0.0000000000000000     
  0.48214746453000001        0.0000000000000000     
  0.50350046821000005        0.0000000000000000     
  0.52455018204000003        0.0000000000000000     
  0.54528392645000001        0.0000000000000000     
  0.56568921222000002        0.0000000000000000     
  0.58575374796000002        0.0000000000000000     
  0.60546544753999998        0.0000000000000000     
  0.62481243737000003        0.0000000000000000     
  0.64378306356000004        0.0000000000000000     
  0.66236589889999997        0.0000000000000000     
  0.68054974979000005        0.0000000000000000     
  0.69832366296000004        0.0000000000000000     
  0.71567693207000005        0.0000000000000000     
  0.73259910414999996        0.0000000000000000     
  0.74907998593000003        0.0000000000000000     
  0.76510964992999997        0.0000000000000000     
  0.78067844049000001        0.0000000000000000     
  0.79577697955000004        0.0000000000000000     
  0.81039617232000005        0.0000000000000000     
  0.82452721272999996        0.0000000000000000     
  0.83816158878000002        0.0000000000000000     
  0.85129108762000005        0.0000000000000000     
  0.86390780055000005        0.0000000000000000     
  0.87600412773000003        0.0000000000000000     
  0.88757278276999996        0.0000000000000000     
  0.89860679716000003        0.0000000000000000     
  0.90909952440999997        0.0000000000000000     
  0.91904464410999998        0.0000000000000000     
  0.92843616566999998        0.0000000000000000     
  0.93726843200999999        0.0000000000000000     
  0.94553612289000000        0.0000000000000000     
  0.95323425815999996        0.0000000000000000     
  0.96035820076000000        0.0000000000000000     
  0.96690365949000001        0.0000000000000000     
  0.97286669161999995        0.0000000000000000     
  0.97824370522000004        0.0000000000000000     
  0.98303146139999997        0.0000000000000000     
  0.98722707618000005        0.0000000000000000     
  0.99082802228000000        0.0000000000000000     
  0.99383213063999998        0.0000000000000000     
  0.99623759168000003        0.0000000000000000     
  0.99804295643999996        0.0000000000000000     
  0.99924713745000004        0.0000000000000000     
  0.99984940935000000        0.0000000000000000     
