   2.7314426735169227E-002   0.0000000000000000     
  0.13655568233237503        1.4197777617862221E-005
  0.35497238996680258        2.1863174806406238E-004
  0.68243298242239669        1.0691561613841694E-003
   1.1187402122629191        3.2336379745666831E-003
   1.6636312642885693        7.4710228840179594E-003
   2.3167779133384214        1.4503105583930543E-002
   3.0777867310658307        2.4904497911672048E-002
   3.9461993144795962        3.9029491811415573E-002
   4.9214925616447216        5.6979698659133250E-002
   6.0030789963558986        7.8621173588154750E-002
   7.1903071073219769       0.10363089389146724     
   8.4824617544614025       0.13159052967937099     
   9.8787645915222040       0.16202521167962325     
   11.378374539488965       0.19448438013395566     
   12.980388289010762       0.22856697384336183     
   14.683840844547078       0.26385892275723472     
   16.487706113859154       0.29977189015673944     
   18.390897512011890       0.33578896516101292     
   20.392268630673314       0.37135621306082939     
   22.490613916482996       0.40589651780030289     
   24.684669407462920       0.43883219217769659     
   26.973113483938700       0.46964711284174648     
   29.354567672061666       0.49796180450685806     
   31.827597476352054       0.52356055772148802     
   34.390713234007976       0.54613809839326477     
   37.042371021815320       0.56547059764650931     
   39.780973577567948       0.58164295071247207     
   42.604871270461253       0.59497760199637417     
   45.512363089623769       0.60587662018916144     
   48.501697672552950       0.61449515190623516     
   51.571074353502731       0.62094877206724219     
   54.718644257216923       0.62526997170143495     
   57.942511403545133       0.62771953270273784     
   61.240733855590697       0.62825362364292725     
   64.611324887810341       0.62727841239981919     
   68.052254183135261       0.62502508223798736     
   71.561449051857764       0.62159077521578321     
   75.136795688608174       0.61702472458021262     
   78.776140438401086       0.61133845774389917     
   82.477291095329917       0.60458676260184863     
   86.238018223027765       0.59681750203385764     
   90.056056502335252       0.58828463123612296     
   93.929106088037585       0.57941886959754529     
   97.854834001877890       0.57079045900048819     
   101.83087553101228       0.56276716072910671     
   105.85483565548567       0.55537707212623810     
   109.92429049384612       0.54832458747280810     
   114.03678875964172       0.54116485188941321     
   118.18985323605632       0.53368386603445128     
   122.38098227049632       0.52598718799198063     
   126.60765128731657       0.51817491387882864     
   130.86731429873200       0.51043931478640159     
   135.15740543930877       0.50288115225328700     
   139.47534052222179       0.49558427038438568     
   143.81851858281482       0.48880184148911471     
   148.18432345480997       0.48290086402636423     
   152.57012533926141       0.47781723919009883     
   156.97328239346143       0.47332073314833917     
   161.39114232166020       0.46937146585888989     
   165.82104396669234       0.46606384420726382     
   170.26031892445781       0.46342976441137690     
   174.70629314098997       0.46166189041565830     
   179.15628852748065       0.46097010573888819     
