   2.7495305043921024E-002   0.0000000000000000     
  0.13745996493402762        0.0000000000000000     
  0.35732304539784293        0.0000000000000000     
  0.68695210797073092        0.0000000000000000     
   1.1261485990282247        0.0000000000000000     
   1.6746479629873445        0.0000000000000000     
   2.3321198011540134        0.0000000000000000     
   3.0981680798677482        0.0000000000000000     
   3.9723313605562409        0.0000000000000000     
   4.9540830772618278        0.0000000000000000     
   6.0428318634649933        0.0000000000000000     
   7.2379218935149412        0.0000000000000000     
   8.5386332916155503        0.0000000000000000     
   9.9441825572439946        0.0000000000000000     
   11.453723041692649        0.0000000000000000     
   13.066345453824141        0.0000000000000000     
   14.781078407820646        0.0000000000000000     
   16.596889016578896        0.0000000000000000     
   18.512683499711834        0.0000000000000000     
   20.527307857280231        0.0000000000000000     
   22.639548552653306        0.0000000000000000     
   24.848133253796195        0.0000000000000000     
   27.151731589163781        0.0000000000000000     
   29.548955956543814        0.0000000000000000     
   32.038362361113229        0.0000000000000000     
   34.618451275404468        0.0000000000000000     
   37.287668552220950        0.0000000000000000     
   40.044406352159029        0.0000000000000000     
   42.887004120427555        0.0000000000000000     
   45.813749581925634        0.0000000000000000     
   48.822879776488769        0.0000000000000000     
   51.912582114218949        0.0000000000000000     
   55.080995476460821        0.0000000000000000     
   58.326211327732473        0.0000000000000000     
   61.646274871476479        0.0000000000000000     
   65.039186225894824        0.0000000000000000     
   68.502901628997421        0.0000000000000000     
   72.035334665560285        0.0000000000000000     
   75.634357532426279        0.0000000000000000     
   79.297802312935147        0.0000000000000000     
   83.023462284218326        0.0000000000000000     
   86.809093246403748        0.0000000000000000     
   90.652414879208138        0.0000000000000000     
   94.551112107658597        0.0000000000000000     
   98.502836504330503        0.0000000000000000     
   102.50520769706316        0.0000000000000000     
   106.55581480588867        0.0000000000000000     
   110.65221789821912        0.0000000000000000     
   114.79194945498855        0.0000000000000000     
   118.97251585505376        0.0000000000000000     
   123.19139887967852        0.0000000000000000     
   127.44605723527671        0.0000000000000000     
   131.73392807432944        0.0000000000000000     
   136.05242854003768        0.0000000000000000     
   140.39895733288535        0.0000000000000000     
   144.77089626442122        0.0000000000000000     
   149.16561184390599        0.0000000000000000     
   153.58045685765580        0.0000000000000000     
   158.01277196847013        0.0000000000000000     
   162.45988731688561        0.0000000000000000     
   166.91912412334210        0.0000000000000000     
   171.38779631335518        0.0000000000000000     
   175.86321212516000        0.0000000000000000     
   180.34267573543093        0.0000000000000000     
