   2.6670582926202443E-002   7.3637235948269602E-003
  0.13333685107146739        3.6764408256290210E-002
  0.34660513489496175        9.5494006644648841E-002
  0.66634696842592989       0.18344790170266517     
   1.0923697536590693       0.30050300858457440     
   1.6244168703603730       0.44641068664064992     
   2.2621678301499162       0.62037323947954048     
   3.0052384784032404       0.82020073355048118     
   3.8531812174054489        1.0411226239862477     
   4.8054852755532602        1.2745216196419749     
   5.8615770243754364        1.5077945055838557     
   7.0208203097221435        1.7255165310158727     
   8.2825168484833611        1.9125601063430533     
   9.6459066412470680        2.0584919536764734     
   11.110168434547260        2.1588475316827660     
   12.674420211448883        2.2155529934399039     
   14.337719722867361        2.2349747988893305     
   16.099065063164730        2.2243146007548651     
   17.957395259914261        2.1908000965864924     
   19.911590927423493        2.1412142335329887     
   21.960474929112440        2.0807570584407298     
   24.102813096566106        2.0118601920132861     
   26.337314962755315        1.9373318529211589     
   28.662634546618524        1.8623232035939108     
   31.077371165980647        1.7887285528596819     
   33.580070271724658        1.7190796088573417     
   36.169224333324195        1.6537239287756791     
   38.843273738544411        1.5911296021323187     
   41.600607740961870        1.5302620847903903     
   44.439565425194907        1.4729067458829062     
   47.358436711097575        1.4203535196368682     
   50.355463377435044        1.3737543316393537     
   53.428840129836004        1.3344465819883795     
   56.576715679371070        1.3014739716167871     
   59.797193863637041        1.2726781519200081     
   63.088334787322680        1.2474458671787423     
   66.448155991111690        1.2248003479695591     
   69.874633641838315        1.2013183088952422     
   73.365703759835441        1.1743179636659760     
   76.919263455137965        1.1445047445252801     
   80.533172195565257        1.1131961989022994     
   84.205253096056580        1.0815787938309724     
   87.933294234572358        1.0504735996679062     
   91.715049976850707        1.0192493302702905     
   95.548242336585488       0.98726425397394579     
   99.430562340917305       0.95370367174349813     
   103.35967142426175       0.91942437531604382     
   107.33320283984813       0.88624586959477680     
   111.34876308188468       0.85460291817089040     
   115.40393332543455       0.82536355138197970     
   119.49627088577301       0.79892454150942072     
   123.62331069545610       0.77402732457195189     
   127.78256677961745       0.74977628261299911     
   131.97153375428940       0.72594607582343285     
   136.18768834597665       0.70376049856658374     
   140.42849089883291       0.68485060106592099     
   144.69138691371583       0.66927675394597119     
   148.97380858015879       0.65523392832302318     
   153.27317632782339       0.64178991931210461     
   157.58690037972386       0.63113468287130881     
   161.91238230633616       0.62503447538830437     
   166.24701660202328       0.62333547405782608     
   170.58819224445782       0.62619302286507506     
   174.93329427157832       0.63361215187069608     
