0 -1
0.031248062496125 -0.984251968503937
0.062000124000248 -0.968503937007874
0.092256184512369 -0.952755905511811
0.122016244032488 -0.937007874015748
0.151280302560605 -0.921259842519685
0.18004836009672 -0.905511811023622
0.208320416640833 -0.889763779527559
0.236096472192944 -0.874015748031496
0.263376526753054 -0.858267716535433
0.290160580321161 -0.84251968503937
0.316448632897266 -0.826771653543307
0.342240684481369 -0.811023622047244
0.36753673507347 -0.795275590551181
0.392336784673569 -0.779527559055118
0.416640833281667 -0.763779527559055
0.440448880897762 -0.748031496062992
0.463760927521855 -0.732283464566929
0.486576973153946 -0.716535433070866
0.508897017794036 -0.700787401574803
0.530721061442123 -0.68503937007874
0.552049104098208 -0.669291338582677
0.572881145762292 -0.653543307086614
0.593217186434373 -0.637795275590551
0.613057226114452 -0.622047244094488
0.63240126480253 -0.606299212598425
0.651249302498605 -0.590551181102362
0.669601339202678 -0.574803149606299
0.68745737491475 -0.559055118110236
0.704817409634819 -0.543307086614173
0.721681443362887 -0.52755905511811
0.738049476098952 -0.511811023622047
0.753921507843016 -0.496062992125984
0.769297538595077 -0.480314960629921
0.784177568355137 -0.464566929133858
0.798561597123194 -0.448818897637795
0.81244962489925 -0.433070866141732
0.825841651683303 -0.417322834645669
0.838737677475355 -0.401574803149606
0.851137702275405 -0.385826771653543
0.863041726083452 -0.37007874015748
0.874449748899498 -0.354330708661417
0.885361770723541 -0.338582677165354
0.895777791555583 -0.322834645669291
0.905697811395623 -0.307086614173228
0.91512183024366 -0.291338582677165
0.924049848099696 -0.275590551181102
0.93248186496373 -0.259842519685039
0.940417880835762 -0.244094488188976
0.947857895715791 -0.228346456692913
0.954801909603819 -0.21259842519685
0.961249922499845 -0.196850393700787
0.967201934403869 -0.181102362204724
0.972657945315891 -0.165354330708661
0.97761795523591 -0.149606299212598
0.982081964163928 -0.133858267716535
0.986049972099944 -0.118110236220472
0.989521979043958 -0.102362204724409
0.99249798499597 -0.0866141732283465
0.99497798995598 -0.0708661417322835
0.996961993923988 -0.0551181102362205
0.998449996899994 -0.0393700787401575
0.999441998883998 -0.0236220472440945
0.999937999876 -0.0078740157480315
0.999937999876 0.0078740157480315
0.999441998883998 0.0236220472440945
0.998449996899994 0.0393700787401575
0.996961993923988 0.0551181102362205
0.99497798995598 0.0708661417322835
0.99249798499597 0.0866141732283465
0.989521979043958 0.102362204724409
0.986049972099944 0.118110236220472
0.982081964163928 0.133858267716535
0.97761795523591 0.149606299212598
0.972657945315891 0.165354330708661
0.967201934403869 0.181102362204724
0.961249922499845 0.196850393700787
0.954801909603819 0.21259842519685
0.947857895715791 0.228346456692913
0.940417880835762 0.244094488188976
0.93248186496373 0.259842519685039
0.924049848099696 0.275590551181102
0.91512183024366 0.291338582677165
0.905697811395623 0.307086614173228
0.895777791555583 0.322834645669291
0.885361770723541 0.338582677165354
0.874449748899498 0.354330708661417
0.863041726083452 0.37007874015748
0.851137702275405 0.385826771653543
0.838737677475355 0.401574803149606
0.825841651683303 0.417322834645669
0.81244962489925 0.433070866141732
0.798561597123194 0.448818897637795
0.784177568355137 0.464566929133858
0.769297538595077 0.480314960629921
0.753921507843016 0.496062992125984
0.738049476098952 0.511811023622047
0.721681443362887 0.52755905511811
0.704817409634819 0.543307086614173
0.68745737491475 0.559055118110236
0.669601339202678 0.574803149606299
0.651249302498605 0.590551181102362
0.63240126480253 0.606299212598425
0.613057226114452 0.622047244094488
0.593217186434373 0.637795275590551
0.572881145762292 0.653543307086614
0.552049104098208 0.669291338582677
0.530721061442123 0.68503937007874
0.508897017794036 0.700787401574803
0.486576973153946 0.716535433070866
0.463760927521855 0.732283464566929
0.440448880897762 0.748031496062992
0.416640833281667 0.763779527559055
0.392336784673569 0.779527559055118
0.36753673507347 0.795275590551181
0.342240684481369 0.811023622047244
0.316448632897266 0.826771653543307
0.290160580321161 0.84251968503937
0.263376526753054 0.858267716535433
0.236096472192944 0.874015748031496
0.208320416640833 0.889763779527559
0.18004836009672 0.905511811023622
0.151280302560605 0.921259842519685
0.122016244032488 0.937007874015748
0.092256184512369 0.952755905511811
0.062000124000248 0.968503937007874
0.031248062496125 0.984251968503937
0 1
