   7.3190488985831800E-003 -0.99984940935000000     
   3.6534866238642119E-002 -0.99924713745000004     
   9.4888500061781969E-002 -0.99804295643999996     
  0.18225859216843338      -0.99623759168000003     
  0.29848487896034281      -0.99383213063999998     
  0.44326830441691534      -0.99082802228000000     
  0.61579687775217684      -0.98722707618000005     
  0.81400147582714200      -0.98303146139999997     
   1.0335339738884288      -0.97824370522000004     
   1.2668042817056366      -0.97286669161999995     
   1.5027686171142578      -0.96690365949000001     
   1.7280121461240217      -0.96035820076000000     
   1.9290075620689737      -0.95323425815999996     
   2.0947323752926419      -0.94553612289000000     
   2.2184178386541458      -0.93726843200999999     
   2.2979974170133497      -0.92843616566999998     
   2.3357767952016473      -0.91904464410999998     
   2.3373408598162855      -0.90909952440999997     
   2.3096375167069003      -0.89860679716000003     
   2.2594527972356340      -0.88757278276999996     
   2.1930172405928903      -0.87600412773000003     
   2.1156535660725559      -0.86390780055000005     
   2.0328328869960197      -0.85129108762000005     
   1.9492759686946173      -0.83816158878000002     
   1.8683673071488707      -0.82452721272999996     
   1.7926298225123614      -0.81039617232000005     
   1.7231778064652361      -0.79577697955000004     
   1.6602391401807381      -0.78067844049000001     
   1.6021910152592902      -0.76510964992999997     
   1.5471619523559050      -0.74907998593000003     
   1.4942248952896267      -0.73259910414999996     
   1.4432419763084696      -0.71567693207000005     
   1.3946376107071234      -0.69832366296000004     
   1.3490824325159290      -0.68054974979000005     
   1.3069958167920992      -0.66236589889999997     
   1.2679743338768803      -0.64378306356000004     
   1.2309190736696758      -0.62481243737000003     
   1.1949361497038482      -0.60546544753999998     
   1.1602049332470195      -0.58575374796000002     
   1.1272014971059605      -0.56568921222000002     
   1.0958617243129529      -0.54528392645000001     
   1.0660006270886069      -0.52455018204000003     
   1.0378310538950921      -0.50350046821000005     
   1.0113083866337744      -0.48214746453000001     
  0.98621596314611049      -0.46050403324000000     
  0.96199444283307267      -0.43858321154000002     
  0.93798017976606318      -0.41639820372000003     
  0.91372161882869829      -0.39396237318999999     
  0.88903629564002151      -0.37128923445000001     
  0.86385803779278914      -0.34839244495999999     
  0.83867752964091957      -0.32528579689999998     
  0.81391099608164219      -0.30198320883000002     
  0.79008113437698335      -0.27849871735999998     
  0.76728428375265434      -0.25484646868999999     
  0.74538783422788824      -0.23104071003000001     
  0.72442908512996018      -0.20709578108999999     
  0.70469842224710100      -0.18302610539000000     
  0.68690923942719351      -0.15884618161000000     
  0.67192126899790250      -0.13457057483000001     
  0.66034144916643200      -0.11021390775999999     
  0.65260977595095293       -8.5790851964999998E-002
  0.64875706608337846       -6.1316118964000001E-002
  0.64828548064731462       -3.6804451425000002E-002
  0.65079930049158974       -1.2270614261000000E-002
  0.65584365755040053        1.2270614261000000E-002
  0.66255212768885408        3.6804451425000002E-002
  0.67063914356032361        6.1316118964000001E-002
  0.68011766491904568        8.5790851964999998E-002
  0.69150215501288204       0.11021390775999999     
  0.70519961919317475       0.13457057483000001     
  0.72162607845009041       0.15884618161000000     
  0.74132911948021218       0.18302610539000000     
  0.76434189018484766       0.20709578108999999     
  0.78941908214890144       0.23104071003000001     
  0.81503856116598439       0.25484646868999999     
  0.84005055413739671       0.27849871735999998     
  0.86384474773758280       0.30198320883000002     
  0.88663747110365854       0.32528579689999998     
  0.90900775177533122       0.34839244495999999     
  0.93128747593600991       0.37128923445000001     
  0.95430280033823989       0.39396237318999999     
  0.97831241156474136       0.41639820372000003     
   1.0032343710868497       0.43858321154000002     
   1.0288397294779597       0.46050403324000000     
   1.0553328839089919       0.48214746453000001     
   1.0827208577973606       0.50350046821000005     
   1.1103986057830657       0.52455018204000003     
   1.1382676723552070       0.54528392645000001     
   1.1672012215326923       0.56568921222000002     
   1.1979760551436816       0.58575374796000002     
   1.2309858169118830       0.60546544753999998     
   1.2667441725755029       0.62481243737000003     
   1.3050888032759189       0.64378306356000004     
   1.3455378833018983       0.66236589889999997     
   1.3875110093752430       0.68054974979000005     
   1.4308907776780553       0.69832366296000004     
   1.4752132618186953       0.71567693207000005     
   1.5211532845900066       0.73259910414999996     
   1.5696484809143101       0.74907998593000003     
   1.6210674515552870       0.76510964992999997     
   1.6758354582304533       0.78067844049000001     
   1.7344755013174531       0.79577697955000004     
   1.7970782217348964       0.81039617232000005     
   1.8633595956386655       0.82452721272999996     
   1.9320334318466401       0.83816158878000002     
   2.0014637653498881       0.85129108762000005     
   2.0701814618400673       0.86390780055000005     
   2.1353662452917423       0.87600412773000003     
   2.1937948563098346       0.88757278276999996     
   2.2410629610344710       0.89860679716000003     
   2.2711249979922794       0.90909952440999997     
   2.2770395675687891       0.91904464410999998     
   2.2513075744721807       0.92843616566999998     
   2.1870900626477283       0.93726843200999999     
   2.0796946923140416       0.94553612289000000     
   1.9282434349655722       0.95323425815999996     
   1.7375674411792483       0.96035820076000000     
   1.5180452771671360       0.96690365949000001     
   1.2838003446173880       0.97286669161999995     
   1.0494900058712211       0.97824370522000004     
  0.82746166365372464       0.98303146139999997     
  0.62629418209958854       0.98722707618000005     
  0.45091324227237067       0.99082802228000000     
  0.30365268589595440       0.99383213063999998     
  0.18542097322727977       0.99623759168000003     
   9.6537826290960416E-002  0.99804295643999996     
   3.7170855129294966E-002  0.99924713745000004     
   7.4463358576424147E-003  0.99984940935000000     
