 -0.99984940935000000        7.6122936968690859E-003
 -0.99924713745000004        3.7985581116184490E-002
 -0.99804295643999996        9.8641370492847880E-002
 -0.99623759168000003       0.18943921376548448     
 -0.99383213063999998       0.31018921274243094     
 -0.99082802228000000       0.46051613606106667     
 -0.98722707618000005       0.63935392426060578     
 -0.98303146139999997       0.84399576008729149     
 -0.97824370522000004        1.0688582153196426     
 -0.97286669161999995        1.3044789646873740     
 -0.96690365949000001        1.5376502178943527     
 -0.96035820076000000        1.7533064625600594     
 -0.95323425815999996        1.9376176532534670     
 -0.94553612289000000        2.0812195688291593     
 -0.93726843200999999        2.1803149318802215     
 -0.92843616566999998        2.2364018385818505     
 -0.91904464410999998        2.2545658377287463     
 -0.90909952440999997        2.2418516441694898     
 -0.89860679716000003        2.2054986319789793     
 -0.88757278276999996        2.1517323554903816     
 -0.87600412773000003        2.0860748089666692     
 -0.86390780055000005        2.0130346992384123     
 -0.85129108762000005        1.9367878288399629     
 -0.83816158878000002        1.8605670477096774     
 -0.82452721272999996        1.7866799531527255     
 -0.81039617232000005        1.7173395737989943     
 -0.79577697955000004        1.6532408942380064     
 -0.78067844049000001        1.5948762346177323     
 -0.76510964992999997        1.5407578373130904     
 -0.74907998593000003        1.4894828946589773     
 -0.73259910414999996        1.4408445882071474     
 -0.71567693207000005        1.3952271047504983     
 -0.69832366296000004        1.3528241039977655     
 -0.68054974979000005        1.3140690645297872     
 -0.66236589889999997        1.2789356980931919     
 -0.64378306356000004        1.2464075866618993     
 -0.62481243737000003        1.2151041986611362     
 -0.60546544753999998        1.1847234173554269     
 -0.58575374796000002        1.1554057346770750     
 -0.56568921222000002        1.1269489743834900     
 -0.54528392645000001        1.0989999555060097     
 -0.52455018204000003        1.0711152988960659     
 -0.50350046821000005        1.0433940822230823     
 -0.48214746453000001        1.0157702313909540     
 -0.46050403324000000       0.98806053918844805     
 -0.43858321154000002       0.96055353329901971     
 -0.41639820372000003       0.93367264010981810     
 -0.39396237318999999       0.90724507100610496     
 -0.37128923445000001       0.88094304343229368     
 -0.34839244495999999       0.85460163849012682     
 -0.32528579689999998       0.82832807677185916     
 -0.30198320883000002       0.80273230630853976     
 -0.27849871735999998       0.77867720254034190     
 -0.25484646868999999       0.75593657416591609     
 -0.23104071003000001       0.73457492211261732     
 -0.20709578108999999       0.71482053756432373     
 -0.18302610539000000       0.69654538964967050     
 -0.15884618161000000       0.67979970598477779     
 -0.13457057483000001       0.66477497069395752     
 -0.11021390775999999       0.65153823099212782     
  -8.5790851964999998E-002  0.64083713041238055     
  -6.1316118964000001E-002  0.63309638444103999     
  -3.6804451425000002E-002  0.62846812839415389     
  -1.2270614261000000E-002  0.62749635081535760     
   1.2270614261000000E-002  0.63044334111401401     
   3.6804451425000002E-002  0.63624736674827342     
   6.1316118964000001E-002  0.64399518128278010     
   8.5790851964999998E-002  0.65349997278251382     
  0.11021390775999999       0.66531730792233590     
  0.13457057483000001       0.68010352523030793     
  0.15884618161000000       0.69816958923499839     
  0.18302610539000000       0.71943556544446385     
  0.20709578108999999       0.74345944075352299     
  0.23104071003000001       0.76922228925406444     
  0.25484646868999999       0.79555810371370195     
  0.27849871735999998       0.82176842565090713     
  0.30198320883000002       0.84709697009006901     
  0.32528579689999998       0.87099294902357016     
  0.34839244495999999       0.89384155402376531     
  0.37128923445000001       0.91668646737630932     
  0.39396237318999999       0.94048186534873501     
  0.41639820372000003       0.96571167486859943     
  0.43858321154000002       0.99200118871647647     
  0.46050403324000000        1.0193698610883082     
  0.48214746453000001        1.0473611437057964     
  0.50350046821000005        1.0749139734786033     
  0.52455018204000003        1.1008314779539174     
  0.54528392645000001        1.1258091465755400     
  0.56568921222000002        1.1516233767968429     
  0.58575374796000002        1.1798074886480527     
  0.60546544753999998        1.2107779747785634     
  0.62481243737000003        1.2451066117369272     
  0.64378306356000004        1.2833080153242695     
  0.66236589889999997        1.3243485738308343     
  0.68054974979000005        1.3656604730399331     
  0.69832366296000004        1.4066626245389304     
  0.71567693207000005        1.4478013612728304     
  0.73259910414999996        1.4899424737839779     
  0.74907998593000003        1.5340800148819949     
  0.76510964992999997        1.5813377625843832     
  0.78067844049000001        1.6317770372182849     
  0.79577697955000004        1.6854300210041742     
  0.81039617232000005        1.7432325498352916     
  0.82452721272999996        1.8054148585203358     
  0.83816158878000002        1.8707081532715264     
  0.85129108762000005        1.9376964218192296     
  0.86390780055000005        2.0046133239277535     
  0.87600412773000003        2.0683927528675743     
  0.88757278276999996        2.1260694898605443     
  0.89860679716000003        2.1739065886253304     
  0.90909952440999997        2.2058714254490113     
  0.91904464410999998        2.2143128390875755     
  0.92843616566999998        2.1920208735051272     
  0.93726843200999999        2.1332306875746196     
  0.94553612289000000        2.0330181141264378     
  0.95323425815999996        1.8896679720195229     
  0.96035820076000000        1.7069560070456804     
  0.96690365949000001        1.4944605988707989     
  0.97286669161999995        1.2658438550626703     
  0.97824370522000004        1.0358766921524767     
  0.98303146139999997       0.81722127974113334     
  0.98722707618000005       0.61877260476922458     
  0.99082802228000000       0.44560762848052676     
  0.99383213063999998       0.30014283210188603     
  0.99623759168000003       0.18331577090787043     
  0.99804295643999996        9.5460836594727982E-002
  0.99924713745000004        3.6763128544292811E-002
  0.99984940935000000        7.3669477164295654E-003
