 -0.99984940935000000        0.0000000000000000     
 -0.99924713745000004        1.1865461300289182E-005
 -0.99804295643999996        1.8304219651855971E-004
 -0.99623759168000003        8.9634486011978029E-004
 -0.99383213063999998        2.7157351083962724E-003
 -0.99082802228000000        6.2887601711909217E-003
 -0.98722707618000005        1.2242700074470378E-002
 -0.98303146139999997        2.1093992686833703E-002
 -0.97824370522000004        3.3185229657721346E-002
 -0.97286669161999995        4.8657846119476190E-002
 -0.96690365949000001        6.7459231351711391E-002
 -0.96035820076000000        8.9379453365951864E-002
 -0.95323425815999996       0.11410780174407396     
 -0.94553612289000000       0.14129308949529470     
 -0.93726843200999999       0.17061055510003165     
 -0.92843616566999998       0.20177270405954659     
 -0.91904464410999998       0.23451539262925117     
 -0.90909952440999997       0.26845574289171609     
 -0.89860679716000003       0.30312107469777522     
 -0.88757278276999996       0.33798781676685480     
 -0.87600412773000003       0.37247738527667451     
 -0.86390780055000005       0.40604705450613549     
 -0.85129108762000005       0.43816710703230938     
 -0.83816158878000002       0.46834525552981277     
 -0.82452721272999996       0.49624339096084008     
 -0.81039617232000005       0.52156244339936297     
 -0.79577697955000004       0.54410681720142307     
 -0.78067844049000001       0.56374680924904330     
 -0.76510964992999997       0.58052204175530586     
 -0.74907998593000003       0.59469590614469470     
 -0.73259910414999996       0.60647526835001320     
 -0.71567693207000005       0.61587415291133718     
 -0.69832366296000004       0.62292849124082417     
 -0.68054974979000005       0.62779384806334881     
 -0.66236589889999997       0.63051540189884925     
 -0.64378306356000004       0.63126248936564699     
 -0.62481243737000003       0.63031265546605308     
 -0.60546544753999998       0.62796463151222692     
 -0.58575374796000002       0.62444870114257434     
 -0.56568921222000002       0.61957785298535861     
 -0.54528392645000001       0.61330216772688162     
 -0.52455018204000003       0.60591114113515765     
 -0.50350046821000005       0.59783182667240420     
 -0.48214746453000001       0.58950892462513937     
 -0.46050403324000000       0.58132790329761286     
 -0.43858321154000002       0.57346055222527248     
 -0.41639820372000003       0.56589753886244742     
 -0.39396237318999999       0.55848427737544648     
 -0.37128923445000001       0.55087979292874023     
 -0.34839244495999999       0.54292481986834962     
 -0.32528579689999998       0.53475003270149013     
 -0.30198320883000002       0.52676003881447286     
 -0.27849871735999998       0.51932552406923571     
 -0.25484646868999999       0.51255103813494318     
 -0.23104071003000001       0.50638655130839338     
 -0.20709578108999999       0.50074251268042935     
 -0.18302610539000000       0.49568764674186427     
 -0.15884618161000000       0.49126023250931533     
 -0.13457057483000001       0.48737111212201939     
 -0.11021390775999999       0.48389221960139922     
  -8.5790851964999998E-002  0.48075880749176181     
  -6.1316118964000001E-002  0.47795825686544596     
  -3.6804451425000002E-002  0.47560900557941377     
  -1.2270614261000000E-002  0.47396450579676264     
   1.2270614261000000E-002  0.47329851935787787     
   3.6804451425000002E-002  0.47364056974012775     
   6.1316118964000001E-002  0.47478940151421350     
   8.5790851964999998E-002  0.47656600082355682     
  0.11021390775999999       0.47883013256230050     
  0.13457057483000001       0.48157975066493575     
  0.15884618161000000       0.48480362906030272     
  0.18302610539000000       0.48857565968565503     
  0.20709578108999999       0.49286326910150363     
  0.23104071003000001       0.49747898660345402     
  0.25484646868999999       0.50225207958185503     
  0.27849871735999998       0.50726893267046236     
  0.30198320883000002       0.51277962537031607     
  0.32528579689999998       0.51908400342306416     
  0.34839244495999999       0.52623597042770676     
  0.37128923445000001       0.53408489380417667     
  0.39396237318999999       0.54244318016940596     
  0.41639820372000003       0.55120939016091641     
  0.43858321154000002       0.56021977541154988     
  0.46050403324000000       0.56928808545395237     
  0.48214746453000001       0.57816073452850614     
  0.50350046821000005       0.58653792708349184     
  0.52455018204000003       0.59432126395768659     
  0.54528392645000001       0.60136556730196411     
  0.56568921222000002       0.60762336141711226     
  0.58575374796000002       0.61306722879624453     
  0.60546544753999998       0.61771083217658662     
  0.62481243737000003       0.62145457907705848     
  0.64378306356000004       0.62406180119484655     
  0.66236589889999997       0.62531632934456072     
  0.68054974979000005       0.62520687081395443     
  0.69832366296000004       0.62377911572660494     
  0.71567693207000005       0.62069379154272319     
  0.73259910414999996       0.61543255985825207     
  0.74907998593000003       0.60764692572557655     
  0.76510964992999997       0.59714344294147570     
  0.78067844049000001       0.58382182434408580     
  0.79577697955000004       0.56761563486277600     
  0.81039617232000005       0.54857211869989198     
  0.82452721272999996       0.52682521182497977     
  0.83816158878000002       0.50240161085253598     
  0.85129108762000005       0.47549613139080898     
  0.86390780055000005       0.44637243319187225     
  0.87600412773000003       0.41527772719598849     
  0.88757278276999996       0.38258028147677897     
  0.89860679716000003       0.34874271122910505     
  0.90909952440999997       0.31420097403577779     
  0.91904464410999998       0.27947637919920731     
  0.92843616566999998       0.24512972867044033     
  0.93726843200999999       0.21165730217520581     
  0.94553612289000000       0.17948890542934010     
  0.95323425815999996       0.14899076166655614     
  0.96035820076000000       0.12057246452313958     
  0.96690365949000001        9.4621130916814608E-002
  0.97286669161999995        7.1534824033590974E-002
  0.97824370522000004        5.1675955334401329E-002
  0.98303146139999997        3.5291378800746988E-002
  0.98722707618000005        2.2459464830324915E-002
  0.99082802228000000        1.3048958895285644E-002
  0.99383213063999998        6.7088591335711985E-003
  0.99623759168000003        2.8991929820984283E-003
  0.99804295643999996        9.5737737760837852E-004
  0.99924713745000004        1.9556064110347256E-004
  0.99984940935000000        1.2672245370476526E-005
