 -0.99984940935000000        3.5562855499233718E-003
 -0.99924713745000004        1.7366682911429780E-002
 -0.99804295643999996        4.3968257612898506E-002
 -0.99623759168000003        8.1507772960017877E-002
 -0.99383213063999998       0.12746132304181942     
 -0.99082802228000000       0.17902536831714125     
 -0.98722707618000005       0.23345521747406298     
 -0.98303146139999997       0.28819857440717422     
 -0.97824370522000004       0.34121924702269979     
 -0.97286669161999995       0.39143471142782910     
 -0.96690365949000001       0.43850238980536638     
 -0.96035820076000000       0.48261155426544533     
 -0.95323425815999996       0.52368224163652377     
 -0.94553612289000000       0.56220390608716353     
 -0.93726843200999999       0.59941828473254188     
 -0.92843616566999998       0.63603028166523157     
 -0.91904464410999998       0.67324149611527440     
 -0.90909952440999997       0.71124405509151611     
 -0.89860679716000003       0.75034192195176697     
 -0.88757278276999996       0.78603901030985057     
 -0.87600412773000003       0.81691871559881624     
 -0.86390780055000005       0.84228873531899895     
 -0.85129108762000005       0.86053561455782168     
 -0.83816158878000002       0.86827966936122891     
 -0.82452721272999996       0.86668606127859193     
 -0.81039617232000005       0.85935727951043295     
 -0.79577697955000004       0.84803367525601803     
 -0.78067844049000001       0.83553575240788658     
 -0.76510964992999997       0.82839571707847703     
 -0.74907998593000003       0.82519237419656899     
 -0.73259910414999996       0.81994879390439657     
 -0.71567693207000005       0.81273194759503942     
 -0.69832366296000004       0.80496542790011993     
 -0.68054974979000005       0.79989651727032551     
 -0.66236589889999997       0.79577169952074212     
 -0.64378306356000004       0.78690873341516843     
 -0.62481243737000003       0.77366841279642218     
 -0.60546544753999998       0.76217281900723621     
 -0.58575374796000002       0.75654099012742537     
 -0.56568921222000002       0.75510061511114690     
 -0.54528392645000001       0.75698087619876508     
 -0.52455018204000003       0.75610717304631248     
 -0.50350046821000005       0.74732729714051604     
 -0.48214746453000001       0.73554000049849233     
 -0.46050403324000000       0.71560791351196740     
 -0.43858321154000002       0.68797171960944503     
 -0.41639820372000003       0.66433298958993647     
 -0.39396237318999999       0.64720267609199544     
 -0.37128923445000001       0.63310397967562937     
 -0.34839244495999999       0.61573268674849058     
 -0.32528579689999998       0.59475646575637542     
 -0.30198320883000002       0.57416081880848557     
 -0.27849871735999998       0.55487642672289383     
 -0.25484646868999999       0.53615808999118175     
 -0.23104071003000001       0.51860004971372842     
 -0.20709578108999999       0.50342809681831258     
 -0.18302610539000000       0.48946304741357483     
 -0.15884618161000000       0.47789763232162757     
 -0.13457057483000001       0.46791795761913235     
 -0.11021390775999999       0.45991488698793848     
  -8.5790851964999998E-002  0.45580175607644113     
  -6.1316118964000001E-002  0.45243022330123633     
  -3.6804451425000002E-002  0.44849728963183205     
  -1.2270614261000000E-002  0.44730426997738304     
   1.2270614261000000E-002  0.44785837175252174     
   3.6804451425000002E-002  0.44508969937349041     
   6.1316118964000001E-002  0.43864520951863789     
   8.5790851964999998E-002  0.43223599442736949     
  0.11021390775999999       0.43010869758010267     
  0.13457057483000001       0.43516788590092592     
  0.15884618161000000       0.44757579563917865     
  0.18302610539000000       0.46228764645501852     
  0.20709578108999999       0.47535175744931346     
  0.23104071003000001       0.48555926900570062     
  0.25484646868999999       0.49695063069159318     
  0.27849871735999998       0.51306048768056889     
  0.30198320883000002       0.53256520611127445     
  0.32528579689999998       0.55364767354343847     
  0.34839244495999999       0.57146526611445214     
  0.37128923445000001       0.58647122180021538     
  0.39396237318999999       0.60575892604077175     
  0.41639820372000003       0.63352773723441269     
  0.43858321154000002       0.66198737162164967     
  0.46050403324000000       0.68600999096838045     
  0.48214746453000001       0.70730720615367104     
  0.50350046821000005       0.72590723684456171     
  0.52455018204000003       0.74026005204569678     
  0.54528392645000001       0.75000854137289219     
  0.56568921222000002       0.75815152296944621     
  0.58575374796000002       0.76981869959503502     
  0.60546544753999998       0.78404077687064477     
  0.62481243737000003       0.79793255686162456     
  0.64378306356000004       0.80732972341930631     
  0.66236589889999997       0.81570744650097593     
  0.68054974979000005       0.82638143712751966     
  0.69832366296000004       0.83402359971826079     
  0.71567693207000005       0.83579043424496380     
  0.73259910414999996       0.83391158838813639     
  0.74907998593000003       0.83476757675453939     
  0.76510964992999997       0.84029787098375286     
  0.78067844049000001       0.84977591564853638     
  0.79577697955000004       0.86486564270725841     
  0.81039617232000005       0.87757914018531336     
  0.82452721272999996       0.88371344171117472     
  0.83816158878000002       0.88001218542931658     
  0.85129108762000005       0.86340582565725643     
  0.86390780055000005       0.83756071249336883     
  0.87600412773000003       0.80617864864192379     
  0.88757278276999996       0.77325052624870338     
  0.89860679716000003       0.74420399932754966     
  0.90909952440999997       0.71754105484514796     
  0.91904464410999998       0.69044350515096686     
  0.92843616566999998       0.66075527856939587     
  0.93726843200999999       0.62407600211810854     
  0.94553612289000000       0.58093953306384261     
  0.95323425815999996       0.53371806988972870     
  0.96035820076000000       0.48512457459747310     
  0.96690365949000001       0.43596497776301685     
  0.97286669161999995       0.38598378173928072     
  0.97824370522000004       0.33471067315036740     
  0.98303146139999997       0.28186194108255941     
  0.98722707618000005       0.22802028828032245     
  0.99082802228000000       0.17479769385235638     
  0.99383213063999998       0.12446977832824008     
  0.99623759168000003        7.9632961957251169E-002
  0.99804295643999996        4.2981547526329787E-002
  0.99924713745000004        1.6985867043438917E-002
  0.99984940935000000        3.4788667845331456E-003
