   2.6121654835081748E-002   6.5673594690737773E-003
  0.13059254123252506        3.2785293984046851E-002
  0.33947138399056742        8.5141718047689011E-002
  0.65263236119690116       0.16349970347386958     
   1.0698868388561482       0.26764019484993468     
   1.5909834784357020       0.39720109415555566     
   2.2156083877772166       0.55138740710190914     
   2.9433853188425010       0.72851938125402327     
   3.7738758862747042       0.92496818571234518     
   4.7065798310597140        1.1345660717193875     
   5.7409353310217384        1.3473227164473460     
   6.8763193251961967        1.5502314428231911     
   8.1120479023829652        1.7303924625951255     
   9.4473767053113153        1.8772217363004913     
   10.881501383374047        1.9877560258279254     
   12.413558073115306        2.0600033698338485     
   14.042623918614622        2.0931052408076276     
   15.767717635236234        2.0917598984173345     
   17.587800087255317        2.0599870856358549     
   19.501774927930342        2.0101247327511560     
   21.508489248248360        1.9512713221706608     
   23.606734281178149        1.8858978115269769     
   25.795246119800026        1.8177517254659483     
   28.072706485739594        1.7460911510496677     
   30.437743525355245        1.6668940310183391     
   32.888932626741017        1.5843196320462785     
   35.424797287033357        1.5045298787041725     
   38.043809993594550        1.4294929424048293     
   40.744393152030931        1.3620489557979194     
   43.524920031557137        1.3025698061460522     
   46.383715748521880        1.2538902010613360     
   49.319058269014370        1.2153980011378187     
   52.329179454836293        1.1805909281637703     
   55.412266119881174        1.1499314298643037     
   58.566461128144716        1.1265611021884494     
   61.789864510815704        1.1160631825484468     
   65.080534611120925        1.1186435821067973     
   68.436489249985186        1.1233652861611345     
   71.855706928118394        1.1206012215115015     
   75.336128036775719        1.1144622097903027     
   78.875656099740638        1.1032228485411004     
   82.472159036123543        1.0878305336557514     
   86.123470449179337        1.0642548522277142     
   89.827390923798291        1.0341110324474057     
   93.581689358688990        1.0101253796686114     
   97.384104303765270       0.99214828913878783     
   101.23234532528696       0.97735510361761635     
   105.12409438834655       0.96329468034669197     
   109.05700724976377       0.94732667268022175     
   113.02871486832635       0.92526690332047823     
   117.03682483411117       0.89575921194850783     
   121.07892281515193       0.86836621707572514     
   125.15257400237203       0.84978472079542910     
   129.25532457706734       0.83300896174207262     
   133.38470319920467       0.80912059303093820     
   137.53822248357736       0.77888060183886365     
   141.71338050718467       0.74861038326906670     
   145.90766230967193       0.72390818591194417     
   150.11854141285204       0.70348096665431881     
   154.34348134196136       0.68905023295501722     
   158.57993714778272       0.67666359428192702     
   162.82535695062498       0.65977014271842971     
   167.07718346764992       0.64477024831956065     
   171.33285555737191       0.63963213120469486     
