   0.0000000000000000        2.6776969994606707E-002         400
  -5.6673473117846100E-010  0.13386872233708616              400
  -2.4236713812509276E-008  0.34798771825646424              400
  -2.3903663928187566E-007  0.66900497934031666              400
  -1.2479837679462127E-006   1.0967271393235236              400
  -4.5309649083946975E-006   1.6308965543321203              400
  -1.2912831740784996E-005   2.2711914575807075              400
  -3.0756474954565350E-005   3.0172261620792096              400
  -6.3502258277277728E-005   3.8685512846771100              400
  -1.1643331256926455E-004   4.8246540163393377              400
  -1.9300439386161410E-004   5.8849584404312685              400
  -2.9326493738749239E-004   7.0488258652291673              400
  -4.1295232381121982E-004   8.3155552222210929              400
  -5.4399562869758219E-004   9.6843834804111388              400
  -6.7662872369802032E-004   11.154486110411325              400
  -8.0197874250060263E-004   12.724977576983441              400
  -9.1370935983010892E-004   14.394911872477982              400
  -1.0084770337525605E-003   16.163283094726275              400
  -1.0855713748031057E-003   18.029026039157635              400
  -1.1461172030421800E-003   19.991016854929281              400
  -1.1932402137215350E-003   22.048073709946674              400
  -1.2325968791460193E-003   24.198957512784339              400
  -1.2695760918685264E-003   26.442372648831405              400
  -1.3041520374864101E-003   28.776967768003111              400
  -1.3323386436375514E-003   31.201336600902270              400
  -1.3514240290872313E-003   33.714018796318328              400
  -1.3624459210512226E-003   36.313500810292304              400
  -1.3667747564344347E-003   38.998216809406507              400
  -1.3627919117681821E-003   41.766549622083957              400
  -1.3470322717617305E-003   44.616831707669043              400
  -1.3202788043412302E-003   47.547346164627093              400
  -1.2872768658986047E-003   50.556327758303169              400
  -1.2509800343637879E-003   53.641963993134432              400
  -1.2099805380506037E-003   56.802396195530932              400
  -1.1648141811075831E-003   60.035720639431801              400
  -1.1183702285020110E-003   63.339989691420634              400
  -1.0789892324513054E-003   66.713212984291175              400
  -1.0520353905311257E-003   70.153358611950395              400
  -1.0359657598582690E-003   73.658354361662234              400
  -1.0285633345682907E-003   77.226088955182334              400
  -1.0198186946621835E-003   80.854413321898662              400
  -1.0013516020078517E-003   84.541141893309955              400
  -9.7524565835528469E-004   88.284053924176106              400
  -9.4020631214287781E-004   92.080894822559046              400
  -8.8884583792299345E-004   95.929377515426410              400
  -8.2217692532030604E-004   99.827183819589422              400
  -7.5490919885865893E-004   103.77196584109100              400
  -6.9515341062550008E-004   107.76134739237507              400
  -6.3655220463739717E-004   111.79292542012458              400
  -5.7342548413044658E-004   115.86427145088106              400
  -5.0454841964201900E-004   119.97293305622335              400
  -4.3692484326070019E-004   124.11643533572777              400
  -3.7661736361086385E-004   128.29228239815012              400
  -3.2175754711199610E-004   132.49795886572326              400
  -2.7110959597781111E-004   136.73093139979264              400
  -2.2666290947584970E-004   140.98865021400420              400
  -1.8749177331425296E-004   145.26855061949948              400
  -1.5014804133310655E-004   149.56805456299745              400
  -1.1310719542038186E-004   153.88457218443617              400
  -7.7280544381248093E-005   158.21550337639260              400
  -4.4507847663288763E-005   162.55823934439130              400
  -1.6226158623912142E-005   166.91016418961755              400
   7.2928783449585519E-006   171.26865647456060              400
   2.7030542805875247E-005   175.63109080626035              400
   4.4864354174858240E-005   179.99483941724222              400
   6.1904555280336545E-005   184.35727374894196              400
   7.7864952512562624E-005   188.71576603388496              400
   9.3822616560489767E-005   193.06769087911121              400
   1.1249134334318470E-004   197.41042684710993              400
   1.3633085139910702E-004   201.74135803906640              400
   1.6477538733872425E-004   206.05787566050509              400
   1.9559475934645426E-004   210.35737960400306              400
   2.2663141974560774E-004   214.63728000949834              400
   2.5708973108078961E-004   218.89499882370990              400
   2.8722682563882404E-004   223.12797135777927              400
   3.1641478918318153E-004   227.33364782535241              400
   3.4439763420821782E-004   231.50949488777476              400
   3.7191558027774649E-004   235.65299716727918              400
   3.9820900504748913E-004   239.76165877262147              400
   4.2367880246094478E-004   243.83300480337795              400
   4.5417047609515321E-004   247.86458283112745              400
   4.9376908376806542E-004   251.85396438241153              400
   5.3558570859922204E-004   255.79874640391316              400
   5.7742457367929980E-004   259.69655270807613              400
   6.2814533123670894E-004   263.54503540094350              400
   6.8786900039035552E-004   267.34187629932643              400
   7.5282857357801547E-004   271.08478833019257              400
   8.2904348143426475E-004   274.77151690160383              400
   9.0998449652050870E-004   278.39984126832019              400
   9.8146209488763920E-004   281.96757586184032              400
   1.0386799952776490E-003   285.47257161155215              400
   1.0763373668791238E-003   288.91271723921142              400
   1.0972507250713770E-003   292.28594053208190              400
   1.1101783952935859E-003   295.59020958407075              400
   1.1181674201141581E-003   298.82353402797156              400
   1.1186940587173543E-003   301.98396623036808              400
   1.1141000349095093E-003   305.06960246519941              400
   1.1103996728028527E-003   308.07858405887544              400
   1.1116692908750439E-003   311.00909851583350              400
   1.1162567876241588E-003   313.85938060141854              400
   1.1195915756544376E-003   316.62771341409604              400
   1.1224704452331617E-003   319.31242941321022              400
   1.1308430110242948E-003   321.91191142718418              400
   1.1481768106865512E-003   324.42459362260024              400
   1.1729019740247227E-003   326.84896245549947              400
   1.2003945113578020E-003   329.18355757467111              400
   1.2222273467726668E-003   331.42697271071819              400
   1.2281901862687403E-003   333.57785651355584              400
   1.2111693817700060E-003   335.63491336857322              400
   1.1678099848256417E-003   337.59690418434485              400
   1.0971751302478322E-003   339.46264712877627              400
   1.0005497549538959E-003   341.23101835102455              400
   8.8167362330028587E-004   342.90095264651910              400
   7.4652953408469325E-004   344.47144411309120              400
   6.0313513923153318E-004   345.94154674309141              400
   4.6110051047686058E-004   347.31037500128144              400
   3.3046918838657225E-004   348.57710435827340              400
   2.1987833949082386E-004   349.74097178307125              400
   1.3451617402653458E-004   350.80127620716320              400
   7.4939058512026748E-005   351.75737893882547              400
   3.7595749744324365E-005   352.60870406142334              400
   1.6723438648570723E-005   353.35473876592181              400
   6.4350926019705000E-006   353.99503366917043              400
   2.0535436018068556E-006   354.52920308417902              400
   5.0334952749196817E-007   354.95692524416222              400
   8.1381092392536041E-008   355.27794250524607              400
   6.1068923411798808E-009   355.49206150116549              400
   7.5758579410422042E-011   355.59915325350795              400
