   7.1623356774877193E-003   2.6670582926202443E-002         380
   3.5772240410554705E-002  0.13333685107146739              380
   9.2977263915359348E-002  0.34660513489496175              380
  0.17879070140391679       0.66634696842592989              380
  0.29326666599686191        1.0923697536590693              380
  0.43641180232932242        1.6244168703603730              380
  0.60777647114571176        2.2621678301499162              380
  0.80556299751770555        3.0052384784032404              380
   1.0253917511366821        3.8531812174054489              380
   1.2594934096002857        4.8054852755532602              380
   1.4959344788863742        5.8615770243754364              380
   1.7195091888925604        7.0208203097221435              380
   1.9140394297945298        8.2825168484833611              380
   2.0688707623531415        9.6459066412470680              380
   2.1776081934710279        11.110168434547260              380
   2.2406090124376661        12.674420211448883              380
   2.2646180069308102        14.337719722867361              380
   2.2574111338719161        16.099065063164730              380
   2.2262187672053333        17.957395259914261              380
   2.1772350585806457        19.911590927423493              380
   2.1120687957882640        21.960474929112440              380
   2.0351318075346652        24.102813096566106              380
   1.9527915819094570        26.337314962755315              380
   1.8724787728387651        28.662634546618524              380
   1.7959744334900916        31.077371165980647              380
   1.7220638496807172        33.580070271724658              380
   1.6526744038676213        36.169224333324195              380
   1.5903890855848561        38.843273738544411              380
   1.5313025102100972        41.600607740961870              380
   1.4766023733638476        44.439565425194907              380
   1.4217994141688972        47.358436711097575              380
   1.3599904122801989        50.355463377435044              380
   1.2952037362434192        53.428840129836004              380
   1.2341388936712308        56.576715679371070              380
   1.1863255890114608        59.797193863637041              380
   1.1539136485561297        63.088334787322680              380
   1.1287505175459347        66.448155991111690              380
   1.1020273706124724        69.874633641838315              380
   1.0735152708956248        73.365703759835441              380
   1.0455161890001363        76.919263455137965              380
   1.0170198666432066        80.533172195565257              380
  0.98850640682554436        84.205253096056580              380
  0.95842347610205836        87.933294234572358              380
  0.93070321434743408        91.715049976850707              380
  0.90435727815534139        95.548242336585488              380
  0.87583043359720059        99.430562340917305              380
  0.84530724070042895        103.35967142426175              380
  0.81786562883656377        107.33320283984813              380
  0.79205634875721864        111.34876308188468              380
  0.76638468649878799        115.40393332543455              380
  0.74170143653595122        119.49627088577301              380
  0.71991703094790171        123.62331069545610              380
  0.70027291542751502        127.78256677961745              380
  0.68092581626861692        131.97153375428940              380
  0.66042801180732591        136.18768834597665              380
  0.64194529792496546        140.42849089883291              380
  0.62726334304676723        144.69138691371583              380
  0.61165556672528332        148.97380858015879              380
  0.59367431398727855        153.27317632782339              380
  0.57651325592674429        157.58690037972386              380
  0.56535492509949703        161.91238230633616              380
  0.56283190050548038        166.24701660202328              380
  0.56766683346069513        170.58819224445782              380
  0.58074246870353752        174.93329427157832              380
  0.60335079618845733        179.27970535624303              380
  0.62772844489220825        183.62480738336353              380
  0.65553120826819933        187.96598302579801              380
  0.68566715887317187        192.30061732148513              380
  0.71637146459319467        196.62609924809743              380
  0.74479487765125119        200.93982329999793              380
  0.77485905032778279        205.23919104766253              380
  0.81273021558479719        209.52161271410549              380
  0.85441067371580437        213.78450872898841              380
  0.89995336450256158        218.02531128184464              380
  0.94236448211668855        222.24146587353192              380
  0.98070991150627140        226.43043284820385              380
   1.0125887087990322        230.58968893236519              380
   1.0353007283695026        234.71672874204828              380
   1.0484024622244483        238.80906630238678              380
   1.0548565429301571        242.86423654593662              380
   1.0572411946142102        246.87979678797319              380
   1.0608509912394735        250.85332820355958              380
   1.0703278643872121        254.78243728690404              380
   1.0849102232458714        258.66475729123579              380
   1.1029242936931003        262.49794965097061              380
   1.1228923488294582        266.27970539324889              380
   1.1415365379895328        270.00774653176472              380
   1.1611376779982243        273.67982743225605              380
   1.1918325187653231        277.29373617268340              380
   1.2305892091374715        280.84729586798585              380
   1.2708973074813075        284.33836598598293              380
   1.3132671454348637        287.76484363670966              380
   1.3625712865053261        291.12466484049861              380
   1.4088778998097387        294.41580576418431              380
   1.4475870995875539        297.63628394845023              380
   1.4860716121993123        300.78415949798529              380
   1.5287987110480947        303.85753625038626              380
   1.5773255616505883        306.85456291672375              380
   1.6332716565726793        309.77343420262639              380
   1.6956547138454376        312.61239188685943              380
   1.7590227989831499        315.36972588927694              380
   1.8143106510862272        318.04377529449710              380
   1.8663444407278971        320.63292935609661              380
   1.9221748970371562        323.13562846184072              380
   1.9845297418502033        325.55036508120276              380
   2.0487969282545451        327.87568466506599              380
   2.1069057578339181        330.11018653125518              380
   2.1549108916852866        332.25252469870884              380
   2.1952266962336191        334.30140870039781              380
   2.2291888238942361        336.25560436790704              380
   2.2536314372667543        338.11393456465657              380
   2.2584443529247018        339.87527990495391              380
   2.2283447881965470        341.53857941637244              380
   2.1568243063600150        343.10283119327408              380
   2.0444034813513192        344.56709298657427              380
   1.8919123469152808        345.93048277933798              380
   1.7029382101479034        347.19217931809919              380
   1.4868486273476949        348.35142260344588              380
   1.2568455744564038        349.40751435226804              380
   1.0268677307898988        350.35981841041593              380
  0.80928710103568224        351.20776114941810              380
  0.61273835829946843        351.95083179767136              380
  0.44150791477631612        352.58858275746093              380
  0.29761565125014511        353.12062987416226              380
  0.18190344713819809        353.54665265939536              380
   9.4774463831388614E-002   353.86639449292636              380
   3.6510117181871700E-002   354.07966277674984              380
   7.3158601144640680E-003   354.18632904489510              380
   7.3423596912144118E-003   2.6670582926202443E-002         382
   3.6667758090340376E-002  0.13333685107146739              382
   9.5294003827827822E-002  0.34660513489496175              382
  0.18320967811980618       0.66634696842592989              382
  0.30043626690055225        1.0923697536590693              382
  0.44691549546923037        1.6244168703603730              382
  0.62201988226994154        2.2621678301499162              382
  0.82371543764308131        3.0052384784032404              382
   1.0472750713505707        3.8531812174054489              382
   1.2842350227230346        4.8054852755532602              382
   1.5223279763083026        5.8615770243754364              382
   1.7463815641830140        7.0208203097221435              382
   1.9410806068133861        8.2825168484833611              382
   2.0944750777448702        9.6459066412470680              382
   2.1999043282796333        11.110168434547260              382
   2.2584609779954046        12.674420211448883              382
   2.2744517286161425        14.337719722867361              382
   2.2561494382336695        16.099065063164730              382
   2.2105973217253516        17.957395259914261              382
   2.1467189165618938        19.911590927423493              382
   2.0753433275264905        21.960474929112440              382
   1.9989070096134847        24.102813096566106              382
   1.9198012205837369        26.337314962755315              382
   1.8440411898004221        28.662634546618524              382
   1.7726097937698881        31.077371165980647              382
   1.7111718271668606        33.580070271724658              382
   1.6572871720447464        36.169224333324195              382
   1.6023668536764764        38.843273738544411              382
   1.5450945235531008        41.600607740961870              382
   1.4897432925179601        44.439565425194907              382
   1.4374379675101459        47.358436711097575              382
   1.3865644335655150        50.355463377435044              382
   1.3340828620585565        53.428840129836004              382
   1.2755418085370624        56.576715679371070              382
   1.2162696222170704        59.797193863637041              382
   1.1647468793504372        63.088334787322680              382
   1.1265563553812410        66.448155991111690              382
   1.0994583631144574        69.874633641838315              382
   1.0731006849337477        73.365703759835441              382
   1.0432782131229614        76.919263455137965              382
   1.0118356191956448        80.533172195565257              382
  0.98086908619566604        84.205253096056580              382
  0.95325526117421155        87.933294234572358              382
  0.92875187960509520        91.715049976850707              382
  0.90490061228472141        95.548242336585488              382
  0.87935732200127081        99.430562340917305              382
  0.85332699746462115        103.35967142426175              382
  0.82693756285556019        107.33320283984813              382
  0.80044253441726643        111.34876308188468              382
  0.77496350937562319        115.40393332543455              382
  0.74847357160419503        119.49627088577301              382
  0.71826068431227574        123.62331069545610              382
  0.68987730489102905        127.78256677961745              382
  0.66844545610186679        131.97153375428940              382
  0.65452631030483066        136.18768834597665              382
  0.64245467141970214        140.42849089883291              382
  0.62872594009427885        144.69138691371583              382
  0.61284770706201375        148.97380858015879              382
  0.59748628064284892        153.27317632782339              382
  0.58534828576117226        157.58690037972386              382
  0.57568434983494954        161.91238230633616              382
  0.57065665980167413        166.24701660202328              382
  0.57197192957869558        170.58819224445782              382
  0.58231850139712549        174.93329427157832              382
  0.60210453530482755        179.27970535624303              382
  0.62780979159699069        183.62480738336353              382
  0.65273272021269646        187.96598302579801              382
  0.68210452096272922        192.30061732148513              382
  0.71812554523608574        196.62609924809743              382
  0.75881899269546060        200.93982329999793              382
  0.79969104477762720        205.23919104766253              382
  0.83951340050233647        209.52161271410549              382
  0.87687624191554481        213.78450872898841              382
  0.91267946079561568        218.02531128184464              382
  0.94649227724666474        222.24146587353192              382
  0.97493233138414981        226.43043284820385              382
  0.99349872268202299        230.58968893236519              382
  0.99946604360939573        234.71672874204828              382
  0.99759723362481756        238.80906630238678              382
  0.99514079078427486        242.86423654593662              382
  0.99955801010985990        246.87979678797319              382
   1.0090571704282292        250.85332820355958              382
   1.0219674003886767        254.78243728690404              382
   1.0403223695532857        258.66475729123579              382
   1.0643500368902488        262.49794965097061              382
   1.0926834622151516        266.27970539324889              382
   1.1200628926039711        270.00774653176472              382
   1.1452899489353101        273.67982743225605              382
   1.1727568106119044        277.29373617268340              382
   1.2123077398008468        280.84729586798585              382
   1.2685570219517299        284.33836598598293              382
   1.3297253446051818        287.76484363670966              382
   1.3845990400800339        291.12466484049861              382
   1.4320745497506195        294.41580576418431              382
   1.4719719821532140        297.63628394845023              382
   1.5061725631608440        300.78415949798529              382
   1.5400557006276574        303.85753625038626              382
   1.5827538249411723        306.85456291672375              382
   1.6363598445072305        309.77343420262639              382
   1.6890213782055050        312.61239188685943              382
   1.7372092072480469        315.36972588927694              382
   1.7869581458705346        318.04377529449710              382
   1.8367057158908300        320.63292935609661              382
   1.8803194602638922        323.13562846184072              382
   1.9192850158609791        325.55036508120276              382
   1.9577519255627451        327.87568466506599              382
   2.0042679983620695        330.11018653125518              382
   2.0584759807018966        332.25252469870884              382
   2.1139189952104775        334.30140870039781              382
   2.1621152263181194        336.25560436790704              382
   2.1934214533637726        338.11393456465657              382
   2.1994700192508443        339.87527990495391              382
   2.1734455372904282        341.53857941637244              382
   2.1122456504032625        343.10283119327408              382
   2.0142155739654721        344.56709298657427              382
   1.8764660710429133        345.93048277933798              382
   1.7011497063364924        347.19217931809919              382
   1.4950034330121904        348.35142260344588              382
   1.2703700248776009        349.40751435226804              382
   1.0417934064962728        350.35981841041593              382
  0.82279286006513275        351.20776114941810              382
  0.62310647762963056        351.95083179767136              382
  0.44859372857261237        352.58858275746093              382
  0.30201487442135244        353.12062987416226              382
  0.18436976636885571        353.54665265939536              382
   9.5972268848399739E-002   353.86639449292636              382
   3.6950186216075410E-002   354.07966277674984              382
   7.4028235729648624E-003   354.18632904489510              382
   7.4110036501198202E-003   2.6670582926202443E-002         384
   3.7008243950421724E-002  0.13333685107146739              384
   9.6131496722447266E-002  0.34660513489496175              384
  0.18466733087251336       0.66634696842592989              384
  0.30245821722551108        1.0923697536590693              384
  0.44923278234840414        1.6244168703603730              384
  0.62419067646994397        2.2621678301499162              384
  0.82524558375154089        3.0052384784032404              384
   1.0478410542090226        3.8531812174054489              384
   1.2835307610214788        4.8054852755532602              384
   1.5193553796698260        5.8615770243754364              384
   1.7394497003730376        7.0208203097221435              384
   1.9285900453554246        8.2825168484833611              384
   2.0763738595568535        9.6459066412470680              384
   2.1780539167802999        11.110168434547260              384
   2.2361390775445464        12.674420211448883              384
   2.2557574161776559        14.337719722867361              384
   2.2430042202157350        16.099065063164730              384
   2.2056963969507932        17.957395259914261              384
   2.1558422149447716        19.911590927423493              384
   2.1006171964732490        21.960474929112440              384
   2.0407033798574381        24.102813096566106              384
   1.9739195607593496        26.337314962755315              384
   1.9005853204459708        28.662634546618524              384
   1.8237788784871847        31.077371165980647              384
   1.7458676954444339        33.580070271724658              384
   1.6657770172241946        36.169224333324195              384
   1.5915358403900071        38.843273738544411              384
   1.5270536995341737        41.600607740961870              384
   1.4694544503282152        44.439565425194907              384
   1.4152853671846588        47.358436711097575              384
   1.3661462355134564        50.355463377435044              384
   1.3207908465030189        53.428840129836004              384
   1.2790127168706551        56.576715679371070              384
   1.2401572066219375        59.797193863637041              384
   1.2030740822666335        63.088334787322680              384
   1.1682782343829896        66.448155991111690              384
   1.1321984487304273        69.874633641838315              384
   1.0955549688124566        73.365703759835441              384
   1.0616726425760956        76.919263455137965              384
   1.0291586391745668        80.533172195565257              384
  0.99587399781752273        84.205253096056580              384
  0.96395989319950404        87.933294234572358              384
  0.93868541970499331        91.715049976850707              384
  0.91907420685112395        95.548242336585488              384
  0.89707446513638733        99.430562340917305              384
  0.87151750777345227        103.35967142426175              384
  0.84251314590492399        107.33320283984813              384
  0.81212938483861130        111.34876308188468              384
  0.78447911069338194        115.40393332543455              384
  0.76275163458391493        119.49627088577301              384
  0.74006135138160101        123.62331069545610              384
  0.71718525934600919        127.78256677961745              384
  0.69421974478548043        131.97153375428940              384
  0.67538220262477788        136.18768834597665              384
  0.66147116652007787        140.42849089883291              384
  0.64434531781583126        144.69138691371583              384
  0.62240441774045019        148.97380858015879              384
  0.60331770401433127        153.27317632782339              384
  0.59082228810667492        157.58690037972386              384
  0.58370438781115175        161.91238230633616              384
  0.58165660393493679        166.24701660202328              384
  0.58682119653415321        170.58819224445782              384
  0.59712108335491410        174.93329427157832              384
  0.60976455940519292        179.27970535624303              384
  0.62442429713083736        183.62480738336353              384
  0.64944123801768794        187.96598302579801              384
  0.68572354569970229        192.30061732148513              384
  0.72637882915812424        196.62609924809743              384
  0.76584260755794664        200.93982329999793              384
  0.80390400256190608        205.23919104766253              384
  0.84063585196473145        209.52161271410549              384
  0.87485669684811751        213.78450872898841              384
  0.90497780614079149        218.02531128184464              384
  0.93174736523967450        222.24146587353192              384
  0.95115008548289348        226.43043284820385              384
  0.96064890889740329        230.58968893236519              384
  0.96128857602927120        234.71672874204828              384
  0.95885956302415742        238.80906630238678              384
  0.95855667314805637        242.86423654593662              384
  0.96338549250220729        246.87979678797319              384
  0.97411230814395244        250.85332820355958              384
  0.98995727532851230        254.78243728690404              384
   1.0076687249627392        258.66475729123579              384
   1.0255976091225785        262.49794965097061              384
   1.0493187556049364        266.27970539324889              384
   1.0849933835740144        270.00774653176472              384
   1.1327480100715128        273.67982743225605              384
   1.1859426497597925        277.29373617268340              384
   1.2421301135220277        280.84729586798585              384
   1.2976202136315602        284.33836598598293              384
   1.3446271667896459        287.76484363670966              384
   1.3841599185647531        291.12466484049861              384
   1.4224552384334568        294.41580576418431              384
   1.4616033960152039        297.63628394845023              384
   1.5053954734846771        300.78415949798529              384
   1.5514037288550826        303.85753625038626              384
   1.5962333677650713        306.85456291672375              384
   1.6389320193799306        309.77343420262639              384
   1.6804908950946804        312.61239188685943              384
   1.7234579988092822        315.36972588927694              384
   1.7705927937445156        318.04377529449710              384
   1.8144987201279223        320.63292935609661              384
   1.8548422760685370        323.13562846184072              384
   1.8974821130353143        325.55036508120276              384
   1.9456141408559715        327.87568466506599              384
   1.9981807162835059        330.11018653125518              384
   2.0470564088209056        332.25252469870884              384
   2.0932354198024345        334.30140870039781              384
   2.1329262326358562        336.25560436790704              384
   2.1575356000784933        338.11393456465657              384
   2.1634621096264199        339.87527990495391              384
   2.1444384160377643        341.53857941637244              384
   2.0940815445183203        343.10283119327408              384
   2.0048001013907593        344.56709298657427              384
   1.8722151382467309        345.93048277933798              384
   1.6972797818688867        347.19217931809919              384
   1.4894755730149027        348.35142260344588              384
   1.2636014164712432        349.40751435226804              384
   1.0351994092847854        350.35981841041593              384
  0.81736735548786255        351.20776114941810              384
  0.61925918605235419        351.95083179767136              384
  0.44614288006322350        352.58858275746093              384
  0.30053861368241863        353.12062987416226              384
  0.18354627992815076        353.54665265939536              384
   9.5566124643151812E-002   353.86639449292636              384
   3.6794943795150352E-002   354.07966277674984              384
   7.3688570467865602E-003   354.18632904489510              384
   7.0713658229026180E-003   2.6670582926202443E-002         386
   3.5306463511378235E-002  0.13333685107146739              386
   9.1712134276483517E-002  0.34660513489496175              386
  0.17617438384705902       0.66634696842592989              386
  0.28849871625745216        1.0923697536590693              386
  0.42829204735824816        1.6244168703603730              386
  0.59458462997405848        2.2621678301499162              386
  0.78509679966959145        3.0052384784032404              386
  0.99534891902286282        3.8531812174054489              386
   1.2175851196530056        4.8054852755532602              386
   1.4410759670149405        5.8615770243754364              386
   1.6516587299695482        7.0208203097221435              386
   1.8358472553013252        8.2825168484833611              386
   1.9828697488849740        9.6459066412470680              386
   2.0878857040553407        11.110168434547260              386
   2.1521269373282919        12.674420211448883              386
   2.1805017199249566        14.337719722867361              386
   2.1789478193908001        16.099065063164730              386
   2.1561209094057250        17.957395259914261              386
   2.1213651061935934        19.911590927423493              386
   2.0796622599929426        21.960474929112440              386
   2.0296284717104882        24.102813096566106              386
   1.9717485398588008        26.337314962755315              386
   1.9039003256677347        28.662634546618524              386
   1.8288958105912010        31.077371165980647              386
   1.7539228538551666        33.580070271724658              386
   1.6823444740751492        36.169224333324195              386
   1.6082112873862711        38.843273738544411              386
   1.5343130065158412        41.600607740961870              386
   1.4662005512857192        44.439565425194907              386
   1.4034394518864819        47.358436711097575              386
   1.3463410015179735        50.355463377435044              386
   1.2970073614182165        53.428840129836004              386
   1.2567062649180798        56.576715679371070              386
   1.2213861690783712        59.797193863637041              386
   1.1942127260952364        63.088334787322680              386
   1.1754490869337129        66.448155991111690              386
   1.1587714785498324        69.874633641838315              386
   1.1352142228063613        73.365703759835441              386
   1.1014419563514006        76.919263455137965              386
   1.0588242593943769        80.533172195565257              386
   1.0156380983420419        84.205253096056580              386
  0.97985258289048593        87.933294234572358              386
  0.95156622679478420        91.715049976850707              386
  0.92515536018883060        95.548242336585488              386
  0.89751050159686474        99.430562340917305              386
  0.86988915212178597        103.35967142426175              386
  0.84733668243129390        107.33320283984813              386
  0.82654376028502174        111.34876308188468              386
  0.80459236471638218        115.40393332543455              386
  0.78517839950846169        119.49627088577301              386
  0.76443594667818804        123.62331069545610              386
  0.74225647131425698        127.78256677961745              386
  0.72082042250324152        131.97153375428940              386
  0.70109640197368095        136.18768834597665              386
  0.68388252886399148        140.42849089883291              386
  0.66882114806381843        144.69138691371583              386
  0.64926930424263785        148.97380858015879              386
  0.62674339696062897        153.27317632782339              386
  0.60850463272131483        157.58690037972386              386
  0.59738826291160407        161.91238230633616              386
  0.59560004504301955        166.24701660202328              386
  0.60137731566416686        170.58819224445782              386
  0.60691735038977435        174.93329427157832              386
  0.61572111461798129        179.27970535624303              386
  0.63641893752343626        183.62480738336353              386
  0.66668385430008759        187.96598302579801              386
  0.69907390375782941        192.30061732148513              386
  0.73140968188552991        196.62609924809743              386
  0.76441869188874112        200.93982329999793              386
  0.79684144818556291        205.23919104766253              386
  0.82870477503217810        209.52161271410549              386
  0.85985276942020161        213.78450872898841              386
  0.88670034868960679        218.02531128184464              386
  0.90514674245993809        222.24146587353192              386
  0.91465435374187032        226.43043284820385              386
  0.91892413908428239        230.58968893236519              386
  0.92131400351995807        234.71672874204828              386
  0.92561580353045902        238.80906630238678              386
  0.93288474704718161        242.86423654593662              386
  0.94078332547295140        246.87979678797319              386
  0.95048787269473201        250.85332820355958              386
  0.96665909573380160        254.78243728690404              386
  0.99350648871051017        258.66475729123579              386
   1.0278836467466708        262.49794965097061              386
   1.0623195650924024        266.27970539324889              386
   1.0948634617682071        270.00774653176472              386
   1.1266598866903945        273.67982743225605              386
   1.1663231527930518        277.29373617268340              386
   1.2157629632680520        280.84729586798585              386
   1.2678794066762686        284.33836598598293              386
   1.3147785747699166        287.76484363670966              386
   1.3598036760305916        291.12466484049861              386
   1.4070243698123088        294.41580576418431              386
   1.4562925675736216        297.63628394845023              386
   1.5034904415981405        300.78415949798529              386
   1.5484153896478492        303.85753625038626              386
   1.5863715218931473        306.85456291672375              386
   1.6171500032747730        309.77343420262639              386
   1.6442133885006849        312.61239188685943              386
   1.6706092991802177        315.36972588927694              386
   1.6986613841387639        318.04377529449710              386
   1.7353433601715147        320.63292935609661              386
   1.7831726425537793        323.13562846184072              386
   1.8394642582624798        325.55036508120276              386
   1.9026256059800914        327.87568466506599              386
   1.9712565638830897        330.11018653125518              386
   2.0351521110997264        332.25252469870884              386
   2.0863741469405590        334.30140870039781              386
   2.1226885609306074        336.25560436790704              386
   2.1436819611461804        338.11393456465657              386
   2.1474466133300361        339.87527990495391              386
   2.1266336281877658        341.53857941637244              386
   2.0704131862270958        343.10283119327408              386
   1.9708014611676141        344.56709298657427              386
   1.8274153011667431        345.93048277933798              386
   1.6457115603658294        347.19217931809919              386
   1.4368408070002880        348.35142260344588              386
   1.2149507515008118        349.40751435226804              386
  0.99376908433293154        350.35981841041593              386
  0.78454574014947687        351.20776114941810              386
  0.59489285357425070        351.95083179767136              386
  0.42910456874574093        352.58858275746093              386
  0.28943330362287606        353.12062987416226              386
  0.17694563227175503        353.54665265939536              386
   9.2196835708184752E-002   353.86639449292636              386
   3.5516753812611011E-002   354.07966277674984              386
   7.1174729775685701E-003   354.18632904489510              386
   6.8875492583493408E-003   2.6670582926202443E-002         388
   3.4390596156068577E-002  0.13333685107146739              388
   8.9297522939119398E-002  0.34660513489496175              388
  0.17144943490147077       0.66634696842592989              388
  0.28067508728113960        1.0923697536590693              388
  0.41670522805321381        1.6244168703603730              388
  0.57899391216009344        2.2621678301499162              388
  0.76598378102416198        3.0052384784032404              388
  0.97392534820136611        3.8531812174054489              388
   1.1957301550987114        4.8054852755532602              388
   1.4201896265908589        5.8615770243754364              388
   1.6329421763283205        7.0208203097221435              388
   1.8194321032925713        8.2825168484833611              388
   1.9685195734816630        9.6459066412470680              388
   2.0754157517789689        11.110168434547260              388
   2.1412369170817471        12.674420211448883              388
   2.1707337406487843        14.337719722867361              388
   2.1703134838291773        16.099065063164730              388
   2.1447933567729662        17.957395259914261              388
   2.1019588138598939        19.911590927423493              388
   2.0475713246837248        21.960474929112440              388
   1.9873461446900025        24.102813096566106              388
   1.9231871578826472        26.337314962755315              388
   1.8556574951296176        28.662634546618524              388
   1.7893701388786718        31.077371165980647              388
   1.7337704774036067        33.580070271724658              388
   1.6843879886450108        36.169224333324195              388
   1.6285909913462788        38.843273738544411              388
   1.5626640857590526        41.600607740961870              388
   1.4867701326156837        44.439565425194907              388
   1.4126242149840051        47.358436711097575              388
   1.3539685674970909        50.355463377435044              388
   1.3090541714931232        53.428840129836004              388
   1.2704260310804625        56.576715679371070              388
   1.2358902842648483        59.797193863637041              388
   1.2068672467558685        63.088334787322680              388
   1.1836716857338117        66.448155991111690              388
   1.1597562560672503        69.874633641838315              388
   1.1328473820414011        73.365703759835441              388
   1.1059574148632432        76.919263455137965              388
   1.0792259786953688        80.533172195565257              388
   1.0508169393950992        84.205253096056580              388
   1.0180497150398733        87.933294234572358              388
  0.98165227374927688        91.715049976850707              388
  0.94768379424467308        95.548242336585488              388
  0.91906317812030824        99.430562340917305              388
  0.89174619546528056        103.35967142426175              388
  0.86045883477234275        107.33320283984813              388
  0.82609712800105717        111.34876308188468              388
  0.79785779870773876        115.40393332543455              388
  0.78390267678954451        119.49627088577301              388
  0.77554303400965308        123.62331069545610              388
  0.76232620404798423        127.78256677961745              388
  0.74512310126163317        131.97153375428940              388
  0.72388075151683129        136.18768834597665              388
  0.69863754824140767        140.42849089883291              388
  0.67616954156148901        144.69138691371583              388
  0.65881452820123776        148.97380858015879              388
  0.64161061602495806        153.27317632782339              388
  0.62734916840182842        157.58690037972386              388
  0.62005666117925307        161.91238230633616              388
  0.61668526045742655        166.24701660202328              388
  0.61534490078895010        170.58819224445782              388
  0.62003386714051012        174.93329427157832              388
  0.63364582964486293        179.27970535624303              388
  0.65444942169976517        183.62480738336353              388
  0.67919551029886316        187.96598302579801              388
  0.70470030932128980        192.30061732148513              388
  0.73053659640011592        196.62609924809743              388
  0.75528011937130657        200.93982329999793              388
  0.78040103195207378        205.23919104766253              388
  0.80688847711269052        209.52161271410549              388
  0.83470152400484343        213.78450872898841              388
  0.86112824799431309        218.02531128184464              388
  0.88163904887573807        222.24146587353192              388
  0.89322015840977453        226.43043284820385              388
  0.89871544945195025        230.58968893236519              388
  0.90246010838508417        234.71672874204828              388
  0.90882704775067302        238.80906630238678              388
  0.91946824552799200        242.86423654593662              388
  0.94013757752864524        246.87979678797319              388
  0.96728468239837528        250.85332820355958              388
  0.99367596815464876        254.78243728690404              388
   1.0148200950670618        258.66475729123579              388
   1.0311285603740994        262.49794965097061              388
   1.0467638849143077        266.27970539324889              388
   1.0651931417966767        270.00774653176472              388
   1.0884811178162235        273.67982743225605              388
   1.1204664261084012        277.29373617268340              388
   1.1631591488078177        280.84729586798585              388
   1.2115106768767507        284.33836598598293              388
   1.2599361938860882        287.76484363670966              388
   1.3092388787366085        291.12466484049861              388
   1.3597656179316859        294.41580576418431              388
   1.4097066503850351        297.63628394845023              388
   1.4538073926700485        300.78415949798529              388
   1.4903317587205047        303.85753625038626              388
   1.5226453365622383        306.85456291672375              388
   1.5517621083528581        309.77343420262639              388
   1.5774020155850019        312.61239188685943              388
   1.6003218745269008        315.36972588927694              388
   1.6269877613075776        318.04377529449710              388
   1.6655197479184802        320.63292935609661              388
   1.7185123117310337        323.13562846184072              388
   1.7806868617963969        325.55036508120276              388
   1.8496958830227415        327.87568466506599              388
   1.9201496379579737        330.11018653125518              388
   1.9825907857333127        332.25252469870884              388
   2.0344666113479613        334.30140870039781              388
   2.0756607982595421        336.25560436790704              388
   2.1014159212454895        338.11393456465657              388
   2.1019338579216176        339.87527990495391              388
   2.0704656642199888        341.53857941637244              388
   2.0027033005567105        343.10283119327408              388
   1.8960898687846808        344.56709298657427              388
   1.7497156937105984        345.93048277933798              388
   1.5697757817675198        347.19217931809919              388
   1.3668115400320824        348.35142260344588              388
   1.1538847205171905        349.40751435226804              388
  0.94306063922289940        350.35981841041593              388
  0.74444711575328537        351.20776114941810              388
  0.56468649093371259        351.95083179767136              388
  0.40757042790148229        352.58858275746093              388
  0.27508088773273887        353.12062987416226              388
  0.16827176457450058        353.54665265939536              388
   8.7721792283572533E-002   353.86639449292636              388
   3.3803873705734754E-002   354.07966277674984              388
   6.7749966004100734E-003   354.18632904489510              388
   7.0895173792788558E-003   2.6670582926202443E-002         390
   3.5390625503981053E-002  0.13333685107146739              390
   9.1915002728957890E-002  0.34660513489496175              390
  0.17655103137312750       0.66634696842592989              390
  0.28915752105572118        1.0923697536590693              390
  0.42949861911704623        1.6244168703603730              390
  0.59685607040196775        2.2621678301499162              390
  0.78920922834953833        3.0052384784032404              390
   1.0022882818673469        3.8531812174054489              390
   1.2283071447785714        4.8054852755532602              390
   1.4554696239791991        5.8615770243754364              390
   1.6691223709661072        7.0208203097221435              390
   1.8541198723369636        8.2825168484833611              390
   1.9998929837597679        9.6459066412470680              390
   2.1021928154593272        11.110168434547260              390
   2.1615512232472378        12.674420211448883              390
   2.1840569479243883        14.337719722867361              390
   2.1763422082635477        16.099065063164730              390
   2.1420973705417667        17.957395259914261              390
   2.0905622067402687        19.911590927423493              390
   2.0311972935824154        21.960474929112440              390
   1.9661202499491941        24.102813096566106              390
   1.8966372925025627        26.337314962755315              390
   1.8273676486810921        28.662634546618524              390
   1.7615663559874593        31.077371165980647              390
   1.7056655272668573        33.580070271724658              390
   1.6588647642025176        36.169224333324195              390
   1.6162646633179567        38.843273738544411              390
   1.5631498812391402        41.600607740961870              390
   1.5032140566333192        44.439565425194907              390
   1.4434846781982777        47.358436711097575              390
   1.3890501348772064        50.355463377435044              390
   1.3442803003495589        53.428840129836004              390
   1.3105077971735182        56.576715679371070              390
   1.2815247003780832        59.797193863637041              390
   1.2576604164170675        63.088334787322680              390
   1.2356799671967424        66.448155991111690              390
   1.2076999467714140        69.874633641838315              390
   1.1731929105597785        73.365703759835441              390
   1.1356432798873080        76.919263455137965              390
   1.0991175121440415        80.533172195565257              390
   1.0664009563821648        84.205253096056580              390
   1.0381682630431308        87.933294234572358              390
   1.0105331882488235        91.715049976850707              390
  0.98590022656470577        95.548242336585488              390
  0.96202896572550711        99.430562340917305              390
  0.93462544599771891        103.35967142426175              390
  0.89933304132576641        107.33320283984813              390
  0.85834253478984868        111.34876308188468              390
  0.81951983349119095        115.40393332543455              390
  0.78875407562934852        119.49627088577301              390
  0.76708749185133385        123.62331069545610              390
  0.74912378452112038        127.78256677961745              390
  0.73222760472834292        131.97153375428940              390
  0.71443480620167266        136.18768834597665              390
  0.69720125855394577        140.42849089883291              390
  0.68236199429595756        144.69138691371583              390
  0.66925473024830506        148.97380858015879              390
  0.65034292502701718        153.27317632782339              390
  0.63140735429765771        157.58690037972386              390
  0.62124661259402869        161.91238230633616              390
  0.61965693910840403        166.24701660202328              390
  0.62543119673521375        170.58819224445782              390
  0.63592541251386270        174.93329427157832              390
  0.65059420139251090        179.27970535624303              390
  0.66866941204131092        183.62480738336353              390
  0.68862370104797488        187.96598302579801              390
  0.70972713783831609        192.30061732148513              390
  0.73228522931321338        196.62609924809743              390
  0.75385520501368919        200.93982329999793              390
  0.77863614270472004        205.23919104766253              390
  0.80345836470827403        209.52161271410549              390
  0.82912503938953064        213.78450872898841              390
  0.85428261240507308        218.02531128184464              390
  0.87612506915658239        222.24146587353192              390
  0.89318965614585200        226.43043284820385              390
  0.90530989686557306        230.58968893236519              390
  0.91479172788462904        234.71672874204828              390
  0.92254946768042845        238.80906630238678              390
  0.92992299779952070        242.86423654593662              390
  0.94027590997639110        246.87979678797319              390
  0.94867919556610303        250.85332820355958              390
  0.95493323487850323        254.78243728690404              390
  0.96542808008344960        258.66475729123579              390
  0.98394532279680702        262.49794965097061              390
   1.0093157987978929        266.27970539324889              390
   1.0385161465556945        270.00774653176472              390
   1.0677821576540374        273.67982743225605              390
   1.0953214663078168        277.29373617268340              390
   1.1268060654672780        280.84729586798585              390
   1.1633865508906718        284.33836598598293              390
   1.2015564002327983        287.76484363670966              390
   1.2428072853315979        291.12466484049861              390
   1.2876234321947340        294.41580576418431              390
   1.3324510061984138        297.63628394845023              390
   1.3740902030711828        300.78415949798529              390
   1.4085784261671719        303.85753625038626              390
   1.4373802720151645        306.85456291672375              390
   1.4696665478668332        309.77343420262639              390
   1.5102690166988249        312.61239188685943              390
   1.5533457444067478        315.36972588927694              390
   1.5983450989136709        318.04377529449710              390
   1.6473243146929897        320.63292935609661              390
   1.7087353714785829        323.13562846184072              390
   1.7766045710668501        325.55036508120276              390
   1.8389652359807471        327.87568466506599              390
   1.8910616502004174        330.11018653125518              390
   1.9342418781676156        332.25252469870884              390
   1.9670384975051278        334.30140870039781              390
   1.9877359486606885        336.25560436790704              390
   1.9998545470208322        338.11393456465657              390
   1.9994606798570878        339.87527990495391              390
   1.9765314836762000        341.53857941637244              390
   1.9226974620894863        343.10283119327408              390
   1.8312303137577013        344.56709298657427              390
   1.6995866495368819        345.93048277933798              390
   1.5307261021350533        347.19217931809919              390
   1.3357896196999877        348.35142260344588              390
   1.1284457467439508        349.40751435226804              390
  0.92211223747525028        350.35981841041593              390
  0.72715233535136692        351.20776114941810              390
  0.55069690018907913        351.95083179767136              390
  0.39678564848390024        352.58858275746093              390
  0.26740084078869669        353.12062987416226              390
  0.16339485019095829        353.54665265939536              390
   8.5119810376764124E-002   353.86639449292636              390
   3.2793922887484547E-002   354.07966277674984              390
   6.5778280803239627E-003   354.18632904489510              390
   7.2398560515442682E-003   2.6670582926202443E-002         392
   3.6150574040179385E-002  0.13333685107146739              392
   9.3904374900634704E-002  0.34660513489496175              392
  0.18040274368454839       0.66634696842592989              392
  0.29552608428762595        1.0923697536590693              392
  0.43897851810355931        1.6244168703603730              392
  0.60989014330109004        2.2621678301499162              392
  0.80600183033794170        3.0052384784032404              392
   1.0225603227936695        3.8531812174054489              392
   1.2510626599289458        4.8054852755532602              392
   1.4791263215956416        5.8615770243754364              392
   1.6923965482918668        7.0208203097221435              392
   1.8763674596702955        8.2825168484833611              392
   2.0219089693582779        9.6459066412470680              392
   2.1236336302667418        11.110168434547260              392
   2.1816792883357978        12.674420211448883              392
   2.2008488930371164        14.337719722867361              392
   2.1862583938056055        16.099065063164730              392
   2.1475183864407215        17.957395259914261              392
   2.0915547799738476        19.911590927423493              392
   2.0231693007794922        21.960474929112440              392
   1.9463514530795760        24.102813096566106              392
   1.8690351979740358        26.337314962755315              392
   1.7979451891829255        28.662634546618524              392
   1.7375957510191018        31.077371165980647              392
   1.6826837873876430        33.580070271724658              392
   1.6339868929122396        36.169224333324195              392
   1.5910278765770283        38.843273738544411              392
   1.5501501608137127        41.600607740961870              392
   1.5065271134181868        44.439565425194907              392
   1.4611832369424798        47.358436711097575              392
   1.4140553484449514        50.355463377435044              392
   1.3746000384852470        53.428840129836004              392
   1.3511055085150194        56.576715679371070              392
   1.3331364239364003        59.797193863637041              392
   1.3095196334855175        63.088334787322680              392
   1.2769050323533391        66.448155991111690              392
   1.2369758832498621        69.874633641838315              392
   1.1973543871086394        73.365703759835441              392
   1.1597563125758690        76.919263455137965              392
   1.1234517061922926        80.533172195565257              392
   1.0899265394865563        84.205253096056580              392
   1.0587850867621682        87.933294234572358              392
   1.0275762131092598        91.715049976850707              392
  0.99802099414764622        95.548242336585488              392
  0.97224641141844503        99.430562340917305              392
  0.94969317486709648        103.35967142426175              392
  0.92524573733764226        107.33320283984813              392
  0.89456676998181572        111.34876308188468              392
  0.85698922251409726        115.40393332543455              392
  0.81666894690985858        119.49627088577301              392
  0.77853879725878550        123.62331069545610              392
  0.74611891173334088        127.78256677961745              392
  0.71866443947419523        131.97153375428940              392
  0.69575551355989107        136.18768834597665              392
  0.67695812909455966        140.42849089883291              392
  0.66061998123008281        144.69138691371583              392
  0.64709504972486132        148.97380858015879              392
  0.63657043774563182        153.27317632782339              392
  0.63001037161374418        157.58690037972386              392
  0.63044689695192890        161.91238230633616              392
  0.63456421793292483        166.24701660202328              392
  0.64146852767379259        170.58819224445782              392
  0.65007204090124038        174.93329427157832              392
  0.66085548418928386        179.27970535624303              392
  0.67632278898557530        183.62480738336353              392
  0.69694128174429570        187.96598302579801              392
  0.71981568866355627        192.30061732148513              392
  0.74439300167638733        196.62609924809743              392
  0.76867968739354586        200.93982329999793              392
  0.79517119196315644        205.23919104766253              392
  0.81956135696119348        209.52161271410549              392
  0.84021998897310168        213.78450872898841              392
  0.85448093884158138        218.02531128184464              392
  0.86048429393511838        222.24146587353192              392
  0.86633858147804821        226.43043284820385              392
  0.87219956129668286        230.58968893236519              392
  0.87489881601894814        234.71672874204828              392
  0.87531021901625050        238.80906630238678              392
  0.88102948312325746        242.86423654593662              392
  0.89154963903379270        246.87979678797319              392
  0.90425141091777284        250.85332820355958              392
  0.91934657099210471        254.78243728690404              392
  0.93560415315607293        258.66475729123579              392
  0.95937582429527923        262.49794965097061              392
  0.98654421520339663        266.27970539324889              392
   1.0130608952519471        270.00774653176472              392
   1.0404962367729127        273.67982743225605              392
   1.0668096358937373        277.29373617268340              392
   1.0922141085572596        280.84729586798585              392
   1.1182915095498023        284.33836598598293              392
   1.1516543833678867        287.76484363670966              392
   1.1940371312394691        291.12466484049861              392
   1.2385639229289471        294.41580576418431              392
   1.2799297310681907        297.63628394845023              392
   1.3195249010698831        300.78415949798529              392
   1.3610433675587583        303.85753625038626              392
   1.4056922274061989        306.85456291672375              392
   1.4566378104472704        309.77343420262639              392
   1.5128375500522504        312.61239188685943              392
   1.5708624815851480        315.36972588927694              392
   1.6274087239539838        318.04377529449710              392
   1.6825024941501470        320.63292935609661              392
   1.7389685025722927        323.13562846184072              392
   1.7900523496630953        325.55036508120276              392
   1.8355217601588043        327.87568466506599              392
   1.8742057793075269        330.11018653125518              392
   1.9123242968289444        332.25252469870884              392
   1.9487235769865590        334.30140870039781              392
   1.9776158096308372        336.25560436790704              392
   1.9935722683678883        338.11393456465657              392
   1.9914495004007275        339.87527990495391              392
   1.9675019614833187        341.53857941637244              392
   1.9144417614429623        343.10283119327408              392
   1.8219682780201689        344.56709298657427              392
   1.6880360415700699        345.93048277933798              392
   1.5174730460262602        347.19217931809919              392
   1.3216690896407655        348.35142260344588              392
   1.1140986536974404        349.40751435226804              392
  0.90821597364034434        350.35981841041593              392
  0.71446191711314178        351.20776114941810              392
  0.54000013372917066        351.95083179767136              392
  0.38851265874376861        352.58858275746093              392
  0.26158618422218338        353.12062987416226              392
  0.15976467762128521        353.54665265939536              392
   8.3209270761327350E-002   353.86639449292636              392
   3.2050431718551764E-002   354.07966277674984              392
   6.4239594649865761E-003   354.18632904489510              392
   7.3091693067686989E-003   2.6670582926202443E-002         394
   3.6474835791177287E-002  0.13333685107146739              394
   9.4683671009006751E-002  0.34660513489496175              394
  0.18172880117295456       0.66634696842592989              394
  0.29736088161243635        1.0923697536590693              394
  0.44126445855730934        1.6244168703603730              394
  0.61264876274591484        2.2621678301499162              394
  0.80949696619126288        3.0052384784032404              394
   1.0275632408517756        3.8531812174054489              394
   1.2590105571295553        4.8054852755532602              394
   1.4915816082757338        5.8615770243754364              394
   1.7094466506673638        7.0208203097221435              394
   1.8974669651730340        8.2825168484833611              394
   2.0428446775795051        9.6459066412470680              394
   2.1399863556442384        11.110168434547260              394
   2.1916775792140579        12.674420211448883              394
   2.2042670860674676        14.337719722867361              394
   2.1860881253956572        16.099065063164730              394
   2.1470662929043685        17.957395259914261              394
   2.0930187047750977        19.911590927423493              394
   2.0257280375839564        21.960474929112440              394
   1.9460408784454037        24.102813096566106              394
   1.8637089860632101        26.337314962755315              394
   1.7919102360825925        28.662634546618524              394
   1.7250872846413852        31.077371165980647              394
   1.6591389517128594        33.580070271724658              394
   1.5943691483842777        36.169224333324195              394
   1.5325089728040349        38.843273738544411              394
   1.4808586501804004        41.600607740961870              394
   1.4425854775656715        44.439565425194907              394
   1.4141939240545554        47.358436711097575              394
   1.3892369705376253        50.355463377435044              394
   1.3704617316113830        53.428840129836004              394
   1.3589811844511930        56.576715679371070              394
   1.3474208583067735        59.797193863637041              394
   1.3317812706503376        63.088334787322680              394
   1.3125712399132679        66.448155991111690              394
   1.2878021028782134        69.874633641838315              394
   1.2532502488577320        73.365703759835441              394
   1.2118382934370509        76.919263455137965              394
   1.1702950731133783        80.533172195565257              394
   1.1316797829844458        84.205253096056580              394
   1.0963903784038296        87.933294234572358              394
   1.0594860639700310        91.715049976850707              394
   1.0221081916596548        95.548242336585488              394
  0.98343225225384989        99.430562340917305              394
  0.94730775793801147        103.35967142426175              394
  0.91652192416144629        107.33320283984813              394
  0.89042465934928183        111.34876308188468              394
  0.86826088424403536        115.40393332543455              394
  0.84162190570291617        119.49627088577301              394
  0.80884501486390170        123.62331069545610              394
  0.77251006067655315        127.78256677961745              394
  0.73600564187393114        131.97153375428940              394
  0.70205666374708731        136.18768834597665              394
  0.67521962628514720        140.42849089883291              394
  0.65529527426396728        144.69138691371583              394
  0.64266855190706107        148.97380858015879              394
  0.63648443463977789        153.27317632782339              394
  0.63459344533893736        157.58690037972386              394
  0.63769358564984502        161.91238230633616              394
  0.64498703874294561        166.24701660202328              394
  0.65482787856496349        170.58819224445782              394
  0.66870258016669915        174.93329427157832              394
  0.68626797674648132        179.27970535624303              394
  0.70175885499199586        183.62480738336353              394
  0.71418386434904357        187.96598302579801              394
  0.72890940428144402        192.30061732148513              394
  0.74675804906435239        196.62609924809743              394
  0.76891178907853130        200.93982329999793              394
  0.79074924663213741        205.23919104766253              394
  0.80558700188977750        209.52161271410549              394
  0.81399483573425191        213.78450872898841              394
  0.81741319734952300        218.02531128184464              394
  0.81653927139452520        222.24146587353192              394
  0.81647048759026897        226.43043284820385              394
  0.82079513279752270        230.58968893236519              394
  0.83086214519130908        234.71672874204828              394
  0.84495571945720693        238.80906630238678              394
  0.86182387611256195        242.86423654593662              394
  0.87920332670979340        246.87979678797319              394
  0.89955626265535538        250.85332820355958              394
  0.92209669614339163        254.78243728690404              394
  0.94248317203291820        258.66475729123579              394
  0.95826984358337786        262.49794965097061              394
  0.97346184552460924        266.27970539324889              394
  0.98931079664666111        270.00774653176472              394
   1.0036372674000487        273.67982743225605              394
   1.0167371991060250        277.29373617268340              394
   1.0320627713102195        280.84729586798585              394
   1.0579172356307327        284.33836598598293              394
   1.0983585913404084        287.76484363670966              394
   1.1555644019779407        291.12466484049861              394
   1.2271935742152777        294.41580576418431              394
   1.3017819656300149        297.63628394845023              394
   1.3675781207662221        300.78415949798529              394
   1.4265139622350447        303.85753625038626              394
   1.4846477467248462        306.85456291672375              394
   1.5373243978462798        309.77343420262639              394
   1.5837448592024335        312.61239188685943              394
   1.6255829934798351        315.36972588927694              394
   1.6654727318301674        318.04377529449710              394
   1.7076801692391583        320.63292935609661              394
   1.7545576296137786        323.13562846184072              394
   1.8053156439326421        325.55036508120276              394
   1.8533208492070319        327.87568466506599              394
   1.9025842816421217        330.11018653125518              394
   1.9536731169851524        332.25252469870884              394
   2.0011641844713184        334.30140870039781              394
   2.0397494676398553        336.25560436790704              394
   2.0598406163468850        338.11393456465657              394
   2.0577646818599611        339.87527990495391              394
   2.0298085779717043        341.53857941637244              394
   1.9746234672545515        343.10283119327408              394
   1.8838303778195800        344.56709298657427              394
   1.7533720031830895        345.93048277933798              394
   1.5870885980196063        347.19217931809919              394
   1.3922375820234261        348.35142260344588              394
   1.1807348465801566        349.40751435226804              394
  0.96604454410811413        350.35981841041593              394
  0.76129323328501752        351.20776114941810              394
  0.57557223658415868        351.95083179767136              394
  0.41395971816303101        352.58858275746093              394
  0.27853579552673624        353.12062987416226              394
  0.17001319668311199        353.54665265939536              394
   8.8502201709349582E-002   353.86639449292636              394
   3.4075767289571693E-002   354.07966277674984              394
   6.8252573536480184E-003   354.18632904489510              394
   7.6016662552750233E-003   2.6670582926202443E-002         396
   3.7937506520868539E-002  0.13333685107146739              396
   9.8519064282492089E-002  0.34660513489496175              396
  0.18921911511073039       0.66634696842592989              396
  0.30988029779602655        1.0923697536590693              396
  0.46019909892676475        1.6244168703603730              396
  0.63921800711084464        2.2621678301499162              396
  0.84430115774038905        3.0052384784032404              396
   1.0696554765992778        3.8531812174054489              396
   1.3051459135744485        4.8054852755532602              396
   1.5361654547556398        5.8615770243754364              396
   1.7466611264654195        7.0208203097221435              396
   1.9221292024178780        8.2825168484833611              396
   2.0527237719755238        9.6459066412470680              396
   2.1376322271614416        11.110168434547260              396
   2.1821509883054580        12.674420211448883              396
   2.1962489174244268        14.337719722867361              396
   2.1873998573027054        16.099065063164730              396
   2.1631733630773780        17.957395259914261              396
   2.1237136678776971        19.911590927423493              396
   2.0705995497673544        21.960474929112440              396
   2.0035475847650108        24.102813096566106              396
   1.9230870769168813        26.337314962755315              396
   1.8344749381636860        28.662634546618524              396
   1.7439874566344282        31.077371165980647              396
   1.6582917743123251        33.580070271724658              396
   1.5821949010325003        36.169224333324195              396
   1.5153098648040242        38.843273738544411              396
   1.4559669256341250        41.600607740961870              396
   1.4075019021619495        44.439565425194907              396
   1.3737192040693751        47.358436711097575              396
   1.3520915007149996        50.355463377435044              396
   1.3381125878278390        53.428840129836004              396
   1.3283406751959783        56.576715679371070              396
   1.3241553566970019        59.797193863637041              396
   1.3228809366800596        63.088334787322680              396
   1.3156110462023438        66.448155991111690              396
   1.2990102332582341        69.874633641838315              396
   1.2764125614553705        73.365703759835441              396
   1.2484758465626087        76.919263455137965              396
   1.2167985635273191        80.533172195565257              396
   1.1859942253277611        84.205253096056580              396
   1.1522190601480711        87.933294234572358              396
   1.1116855526219735        91.715049976850707              396
   1.0640778433620757        95.548242336585488              396
   1.0110511420911648        99.430562340917305              396
  0.95836041447906117        103.35967142426175              396
  0.91389235708520045        107.33320283984813              396
  0.88026180336207616        111.34876308188468              396
  0.85721976668683064        115.40393332543455              396
  0.83613785947430597        119.49627088577301              396
  0.81506399770246141        123.62331069545610              396
  0.78842052266489748        127.78256677961745              396
  0.75590234997460470        131.97153375428940              396
  0.72759030418716364        136.18768834597665              396
  0.70554755572028005        140.42849089883291              396
  0.68811048558082233        144.69138691371583              396
  0.67433544712872528        148.97380858015879              396
  0.66830354160436989        153.27317632782339              396
  0.66741358307413401        157.58690037972386              396
  0.66712997857230882        161.91238230633616              396
  0.66601164857735340        166.24701660202328              396
  0.66695402179032470        170.58819224445782              396
  0.67227839895451669        174.93329427157832              396
  0.68319191044093264        179.27970535624303              396
  0.69794338282285795        183.62480738336353              396
  0.71344016451132231        187.96598302579801              396
  0.72810961542268171        192.30061732148513              396
  0.74029189309914400        196.62609924809743              396
  0.75256488003981736        200.93982329999793              396
  0.76432946975533034        205.23919104766253              396
  0.77181266345756772        209.52161271410549              396
  0.77655335111651902        213.78450872898841              396
  0.78043875769082716        218.02531128184464              396
  0.78565035294984542        222.24146587353192              396
  0.79395294843948583        226.43043284820385              396
  0.80533370308126573        230.58968893236519              396
  0.81807823350974895        234.71672874204828              396
  0.83289648748495260        238.80906630238678              396
  0.85086613276613510        242.86423654593662              396
  0.86876951391050539        246.87979678797319              396
  0.88130346566993656        250.85332820355958              396
  0.89095546513098967        254.78243728690404              396
  0.90375757565385906        258.66475729123579              396
  0.92103788976259438        262.49794965097061              396
  0.93846686530202128        266.27970539324889              396
  0.95104984376600787        270.00774653176472              396
  0.96014097708349577        273.67982743225605              396
  0.98163277781697511        277.29373617268340              396
   1.0234937466720644        280.84729586798585              396
   1.0805057618278027        284.33836598598293              396
   1.1515696433726283        287.76484363670966              396
   1.2354877105163806        291.12466484049861              396
   1.3240134562234458        294.41580576418431              396
   1.4038882981741259        297.63628394845023              396
   1.4679500493878193        300.78415949798529              396
   1.5159525150123740        303.85753625038626              396
   1.5506526646744125        306.85456291672375              396
   1.5761981507992924        309.77343420262639              396
   1.5966631953383470        312.61239188685943              396
   1.6154481497934061        315.36972588927694              396
   1.6402286536700741        318.04377529449710              396
   1.6816382909480443        320.63292935609661              396
   1.7352215580776962        323.13562846184072              396
   1.7933891436400347        325.55036508120276              396
   1.8549032610781999        327.87568466506599              396
   1.9187718683470807        330.11018653125518              396
   1.9809399656443023        332.25252469870884              396
   2.0341921229420197        334.30140870039781              396
   2.0718135195019149        336.25560436790704              396
   2.0921980279779273        338.11393456465657              396
   2.0935720280287144        339.87527990495391              396
   2.0713715877663965        341.53857941637244              396
   2.0224496558566942        343.10283119327408              396
   1.9409115369161196        344.56709298657427              396
   1.8203624856587781        345.93048277933798              396
   1.6607761875663927        347.19217931809919              396
   1.4678111936983205        348.35142260344588              396
   1.2532454618953852        349.40751435226804              396
   1.0320057569214101        350.35981841041593              396
  0.81765860838942894        351.20776114941810              396
  0.62060203369124622        351.95083179767136              396
  0.44745193144231898        352.58858275746093              396
  0.30149975513931793        353.12062987416226              396
  0.18414967930167064        353.54665265939536              396
   9.5886392091933795E-002   353.86639449292636              396
   3.6921927712716775E-002   354.07966277674984              396
   7.3958240927575001E-003   354.18632904489510              396
   7.7607485895170476E-003   2.6670582926202443E-002         398
   3.8748938781510832E-002  0.13333685107146739              398
  0.10065720434861909       0.34660513489496175              398
  0.19339431706258739       0.66634696842592989              398
  0.31688587738233881        1.0923697536590693              398
  0.47090313581065074        1.6244168703603730              398
  0.65459482215642006        2.2621678301499162              398
  0.86553951767279180        3.0052384784032404              398
   1.0981401916044236        3.8531812174054489              398
   1.3419777667864896        4.8054852755532602              398
   1.5824829140503871        5.8615770243754364              398
   1.8029425236317151        7.0208203097221435              398
   1.9880164266150804        8.2825168484833611              398
   2.1292851380012903        9.6459066412470680              398
   2.2241464952577545        11.110168434547260              398
   2.2767480225806365        12.674420211448883              398
   2.2944703960179251        14.337719722867361              398
   2.2857382955033998        16.099065063164730              398
   2.2566095989813180        17.957395259914261              398
   2.2123269033790445        19.911590927423493              398
   2.1564154914127878        21.960474929112440              398
   2.0908173633452725        24.102813096566106              398
   2.0144492555066136        26.337314962755315              398
   1.9323609312853809        28.662634546618524              398
   1.8491605182358797        31.077371165980647              398
   1.7664513972915108        33.580070271724658              398
   1.6827498915187586        36.169224333324195              398
   1.5988749521257051        38.843273738544411              398
   1.5211862717445068        41.600607740961870              398
   1.4553521435103460        44.439565425194907              398
   1.3984635755883215        47.358436711097575              398
   1.3537012943122777        50.355463377435044              398
   1.3244189324363207        53.428840129836004              398
   1.3084507860633621        56.576715679371070              398
   1.2982649216330142        59.797193863637041              398
   1.2900609366915237        63.088334787322680              398
   1.2854644250469969        66.448155991111690              398
   1.2822785526987708        69.874633641838315              398
   1.2713154781895766        73.365703759835441              398
   1.2516993798528460        76.919263455137965              398
   1.2276848983879578        80.533172195565257              398
   1.1976779122243242        84.205253096056580              398
   1.1642285113354636        87.933294234572358              398
   1.1268957499223491        91.715049976850707              398
   1.0848894396571596        95.548242336585488              398
   1.0413897479617060        99.430562340917305              398
  0.99197832081962345        103.35967142426175              398
  0.94156828059144981        107.33320283984813              398
  0.89802389524821302        111.34876308188468              398
  0.86207708265588279        115.40393332543455              398
  0.83228657120819216        119.49627088577301              398
  0.80692463062448694        123.62331069545610              398
  0.78336600603056483        127.78256677961745              398
  0.76141283310765218        131.97153375428940              398
  0.73924107088690139        136.18768834597665              398
  0.72087792802358952        140.42849089883291              398
  0.71031360036646574        144.69138691371583              398
  0.70189384650525699        148.97380858015879              398
  0.69348815405616615        153.27317632782339              398
  0.68734910591431653        157.58690037972386              398
  0.68315643760477818        161.91238230633616              398
  0.67917701503870898        166.24701660202328              398
  0.67682517412937837        170.58819224445782              398
  0.67839250315668942        174.93329427157832              398
  0.68193139797063673        179.27970535624303              398
  0.68665420261398358        183.62480738336353              398
  0.69202239794912679        187.96598302579801              398
  0.69906113088163979        192.30061732148513              398
  0.70878250910343088        196.62609924809743              398
  0.72215781236700816        200.93982329999793              398
  0.73445183475524889        205.23919104766253              398
  0.74544689663433616        209.52161271410549              398
  0.75425658121887851        213.78450872898841              398
  0.76601637956156088        218.02531128184464              398
  0.78085600597359350        222.24146587353192              398
  0.79367243135517451        226.43043284820385              398
  0.80090357612593543        230.58968893236519              398
  0.80014541179445031        234.71672874204828              398
  0.79593071402377547        238.80906630238678              398
  0.79585879208035215        242.86423654593662              398
  0.79988238175908144        246.87979678797319              398
  0.81326447920048772        250.85332820355958              398
  0.83230451065315425        254.78243728690404              398
  0.85490830763798098        258.66475729123579              398
  0.87926469161016385        262.49794965097061              398
  0.90664296257683241        266.27970539324889              398
  0.93983044358059509        270.00774653176472              398
  0.98440074579212478        273.67982743225605              398
   1.0470176630241406        277.29373617268340              398
   1.1208298864800994        280.84729586798585              398
   1.1975914632541673        284.33836598598293              398
   1.2746819535672809        287.76484363670966              398
   1.3476299680209309        291.12466484049861              398
   1.4079232712585823        294.41580576418431              398
   1.4567358572028901        297.63628394845023              398
   1.4935433975566426        300.78415949798529              398
   1.5204692303236822        303.85753625038626              398
   1.5390469702353551        306.85456291672375              398
   1.5556807465951838        309.77343420262639              398
   1.5727152313610822        312.61239188685943              398
   1.5948578090280854        315.36972588927694              398
   1.6289583799996676        318.04377529449710              398
   1.6765255097113270        320.63292935609661              398
   1.7389380977572639        323.13562846184072              398
   1.8067601877160984        325.55036508120276              398
   1.8698916534936108        327.87568466506599              398
   1.9268961780012093        330.11018653125518              398
   1.9768430141746041        332.25252469870884              398
   2.0156520235632742        334.30140870039781              398
   2.0437978157987158        336.25560436790704              398
   2.0599487706574062        338.11393456465657              398
   2.0633265071112650        339.87527990495391              398
   2.0480163000756719        341.53857941637244              398
   2.0075245584428996        343.10283119327408              398
   1.9330435867634077        344.56709298657427              398
   1.8178191778984987        345.93048277933798              398
   1.6609588567264635        347.19217931809919              398
   1.4694027205550764        348.35142260344588              398
   1.2558557939588288        349.40751435226804              398
   1.0351472146566443        350.35981841041593              398
  0.82095804675300099        351.20776114941810              398
  0.62388608885818819        351.95083179767136              398
  0.45035554747499268        352.58858275746093              398
  0.30379475489855812        353.12062987416226              398
  0.18572480135477593        353.54665265939536              398
   9.6770766222586138E-002   353.86639449292636              398
   3.7279349404779623E-002   354.07966277674984              398
   7.4705743573151764E-003   354.18632904489510              398
   8.1253878606387490E-003   2.6670582926202443E-002         400
   4.0560708062711635E-002  0.13333685107146739              400
  0.10534233414018929       0.34660513489496175              400
  0.20233938118060232       0.66634696842592989              400
  0.33138747863465284        1.0923697536590693              400
  0.49211636697339972        1.6244168703603730              400
  0.68333225653895935        2.2621678301499162              400
  0.90205476915728733        3.0052384784032404              400
   1.1423592062117260        3.8531812174054489              400
   1.3936593057671969        4.8054852755532602              400
   1.6420302102955076        5.8615770243754364              400
   1.8701712614056456        7.0208203097221435              400
   2.0610718030030948        8.2825168484833611              400
   2.2056469277453385        9.6459066412470680              400
   2.3008634303556499        11.110168434547260              400
   2.3487029037681029        12.674420211448883              400
   2.3587679350129598        14.337719722867361              400
   2.3398076324913006        16.099065063164730              400
   2.2989092984456927        17.957395259914261              400
   2.2390601959761183        19.911590927423493              400
   2.1659550652573483        21.960474929112440              400
   2.0858677691556107        24.102813096566106              400
   2.0022845121754540        26.337314962755315              400
   1.9248331922548299        28.662634546618524              400
   1.8479876597212099        31.077371165980647              400
   1.7708475559087753        33.580070271724658              400
   1.6963265626254542        36.169224333324195              400
   1.6273452354428650        38.843273738544411              400
   1.5611432175101416        41.600607740961870              400
   1.4980227113110696        44.439565425194907              400
   1.4422576814183525        47.358436711097575              400
   1.4001517487715940        50.355463377435044              400
   1.3708998334454945        53.428840129836004              400
   1.3430020213080984        56.576715679371070              400
   1.3149285389751288        59.797193863637041              400
   1.2871867620173536        63.088334787322680              400
   1.2638662369747702        66.448155991111690              400
   1.2485227619167318        69.874633641838315              400
   1.2357394846650473        73.365703759835441              400
   1.2242726615485635        76.919263455137965              400
   1.2117460714571406        80.533172195565257              400
   1.1939827871595694        84.205253096056580              400
   1.1718773682481705        87.933294234572358              400
   1.1442068508991743        91.715049976850707              400
   1.1037388465974696        95.548242336585488              400
   1.0517559692757763        99.430562340917305              400
  0.99991592084940084        103.35967142426175              400
  0.95703137024035367        107.33320283984813              400
  0.92174328084938362        111.34876308188468              400
  0.88665480561782595        115.40393332543455              400
  0.85069287865693888        119.49627088577301              400
  0.81962259066088139        123.62331069545610              400
  0.79608166808971847        127.78256677961745              400
  0.77165942397819676        131.97153375428940              400
  0.74697344742225824        136.18768834597665              400
  0.72916090107746467        140.42849089883291              400
  0.72001766708620352        144.69138691371583              400
  0.71733406206742178        148.97380858015879              400
  0.71166730773014231        153.27317632782339              400
  0.70317002042787158        157.58690037972386              400
  0.69351713106200319        161.91238230633616              400
  0.68486288549321361        166.24701660202328              400
  0.67943427659549149        170.58819224445782              400
  0.67722946389878647        174.93329427157832              400
  0.67694557336936545        179.27970535624303              400
  0.67888991639077234        183.62480738336353              400
  0.68368369530353357        187.96598302579801              400
  0.68984329266845623        192.30061732148513              400
  0.69699355345755531        196.62609924809743              400
  0.70605717437248239        200.93982329999793              400
  0.71648731271112320        205.23919104766253              400
  0.72686083270986823        209.52161271410549              400
  0.73769427693041922        213.78450872898841              400
  0.74785331641523312        218.02531128184464              400
  0.75436921616734531        222.24146587353192              400
  0.75534424005286227        226.43043284820385              400
  0.75479826532994410        230.58968893236519              400
  0.75309726964568136        234.71672874204828              400
  0.74965094208776706        238.80906630238678              400
  0.75425021643802459        242.86423654593662              400
  0.77220655596667898        246.87979678797319              400
  0.80399345699695690        250.85332820355958              400
  0.83936357351129676        254.78243728690404              400
  0.87131146671473036        258.66475729123579              400
  0.90746529166260759        262.49794965097061              400
  0.95798408101188270        266.27970539324889              400
   1.0114361615975220        270.00774653176472              400
   1.0736693342322297        273.67982743225605              400
   1.1410880977038420        277.29373617268340              400
   1.2061443466250130        280.84729586798585              400
   1.2656658565145060        284.33836598598293              400
   1.3166524873043970        287.76484363670966              400
   1.3558381965929511        291.12466484049861              400
   1.3853277456514692        294.41580576418431              400
   1.4108455102601212        297.63628394845023              400
   1.4318724365532380        300.78415949798529              400
   1.4490126828447336        303.85753625038626              400
   1.4648424614573206        306.85456291672375              400
   1.4817494288230688        309.77343420262639              400
   1.5036042043447793        312.61239188685943              400
   1.5313880482050324        315.36972588927694              400
   1.5673345436749810        318.04377529449710              400
   1.6205700562578607        320.63292935609661              400
   1.6908833669498995        323.13562846184072              400
   1.7680378124898573        325.55036508120276              400
   1.8489337398059398        327.87568466506599              400
   1.9228581793021879        330.11018653125518              400
   1.9820745055936382        332.25252469870884              400
   2.0246796773126428        334.30140870039781              400
   2.0544790972179339        336.25560436790704              400
   2.0705021348662385        338.11393456465657              400
   2.0701786031474443        339.87527990495391              400
   2.0508881854505150        341.53857941637244              400
   2.0051766835235219        343.10283119327408              400
   1.9245425637409446        344.56709298657427              400
   1.8035516292360947        345.93048277933798              400
   1.6406975112233289        347.19217931809919              400
   1.4440127333369286        348.35142260344588              400
   1.2276495477926108        349.40751435226804              400
   1.0074067266441895        350.35981841041593              400
  0.79640950315700210        351.20776114941810              400
  0.60383409351267114        351.95083179767136              400
  0.43517861867410423        352.58858275746093              400
  0.29321366769177742        353.12062987416226              400
  0.17910656990613830        353.54665265939536              400
   9.3272168451766085E-002   353.86639449292636              400
   3.5923750874656053E-002   354.07966277674984              400
   7.2029763412499951E-003   354.18632904489510              400
