   2.6278742671765956E-003   2.6121654835081748E-002         100
   1.2842092931917539E-002  0.13059254123252506              100
   3.2608317063869116E-002  0.33947138399056742              100
   6.0751997300505171E-002  0.65263236119690116              100
   9.5668302279149575E-002   1.0698868388561482              100
  0.13561245126778967        1.5909834784357020              100
  0.17888189149548445        2.2156083877772166              100
  0.22399421348727527        2.9433853188425010              100
  0.26991745205189605        3.7738758862747042              100
  0.31598954833670606        4.7065798310597140              100
  0.36229965393917524        5.7409353310217384              100
  0.40924905987118715        6.8763193251961967              100
  0.45683433120692846        8.1120479023829652              100
  0.50469006553378237        9.4473767053113153              100
  0.55112360132937122        10.881501383374047              100
  0.59291932887966603        12.413558073115306              100
  0.62834126291090397        14.042623918614622              100
  0.65710267064172689        15.767717635236234              100
  0.68141899529157124        17.587800087255317              100
  0.70738461021102039        19.501774927930342              100
  0.73333360326343999        21.508489248248360              100
  0.75935226821692103        23.606734281178149              100
  0.78404960097290843        25.795246119800026              100
  0.80107470071739872        28.072706485739594              100
  0.80777081649538263        30.437743525355245              100
  0.80551164873081349        32.888932626741017              100
  0.79850526190773241        35.424797287033357              100
  0.79023372442206008        38.043809993594550              100
  0.78904769890320636        40.744393152030931              100
  0.79179744308391420        43.524920031557137              100
  0.78906013305160205        46.383715748521880              100
  0.77936868354394473        49.319058269014370              100
  0.76416372377663400        52.329179454836293              100
  0.74755817966662408        55.412266119881174              100
  0.73185368642477888        58.566461128144716              100
  0.71915739800699996        61.789864510815704              100
  0.70907066953879117        65.080534611120925              100
  0.70107433706313105        68.436489249985186              100
  0.69193214468961195        71.855706928118394              100
  0.68270121277912521        75.336128036775719              100
  0.67602924038163859        78.875656099740638              100
  0.66859739046572608        82.472159036123543              100
  0.65503947794234196        86.123470449179337              100
  0.63919930008307824        89.827390923798291              100
  0.63046691948876876        93.581689358688990              100
  0.63581678926852470        97.384104303765270              100
  0.64906511704934755        101.23234532528696              100
  0.66299853445430623        105.12409438834655              100
  0.67156955589697143        109.05700724976377              100
  0.67809390254584911        113.02871486832635              100
  0.67712662175732607        117.03682483411117              100
  0.66789239761792774        121.07892281515193              100
  0.65118582407693448        125.15257400237203              100
  0.63418207214616995        129.25532457706734              100
  0.61999036007591513        133.38470319920467              100
  0.61011827570316690        137.53822248357736              100
  0.60211541430234028        141.71338050718467              100
  0.59360358605601238        145.90766230967193              100
  0.58376936181805161        150.11854141285204              100
  0.57608388282983181        154.34348134196136              100
  0.57130574507070941        158.57993714778272              100
  0.57144752353973105        162.82535695062498              100
  0.57094305662034028        167.07718346764992              100
  0.56696977834291629        171.33285555737191              100
  0.55834306220273622        175.58980976190273              100
  0.54685412390313226        179.84548185162470              100
  0.53639661210507872        184.09730836864958              100
  0.52956723072348011        188.34272817149184              100
  0.53078856261751084        192.57918397731322              100
  0.54190269707720840        196.80412390642257              100
  0.56090137730296630        201.01500300960265              100
  0.58149462624293180        205.20928481208992              100
  0.59697221948486245        209.38444283569723              100
  0.60505415874589596        213.53796212006992              100
  0.60596497020885287        217.66734074220722              100
  0.60275634125702116        221.77009131690255              100
  0.60238393458948347        225.84374250412264              100
  0.60742844060499546        229.88584048516341              100
  0.62061534116127215        233.89395045094824              100
  0.64086816840807947        237.86565806951083              100
  0.66183212931887025        241.79857093092804              100
  0.68235806409865496        245.69031999398763              100
  0.70133686806838469        249.53856101550934              100
  0.71372890842711167        253.34097596058561              100
  0.72776673053025542        257.09527439547634              100
  0.74229928417173019        260.79919487009522              100
  0.75508930704072297        264.45050628315101              100
  0.76472624436248238        268.04700921953395              100
  0.78036057774310374        271.58653728249891              100
  0.80739800192369315        275.06695839115622              100
  0.83685198916208570        278.48617606928934              100
  0.86744644581362329        281.84213070815366              100
  0.89524972407401138        285.13280080845885              100
  0.91443144978093216        288.35620419112985              100
  0.92312991648563736        291.51039919939342              100
  0.92084692576047200        294.59348586443832              100
  0.91314899477338896        297.60360705026017              100
  0.90640315253296744        300.53894957075272              100
  0.90017496520894502        303.39774528771744              100
  0.89349780292653147        306.17827216724362              100
  0.88543714650550553        308.87885532568004              100
  0.87431597583461684        311.49786803224123              100
  0.86362179408124051        314.03373269253359              100
  0.85364348494637488        316.48492179391934              100
  0.84656851618369744        318.84995883353497              100
  0.83330950867983511        321.12741919947450              100
  0.81501463689402065        323.31593103809644              100
  0.79696151905530632        325.41417607102619              100
  0.77551668925569495        327.42089039134424              100
  0.75003235645652411        329.33486523201924              100
  0.72524545053462908        331.15494768403835              100
  0.69996947687245403        332.88004140065993              100
  0.67263214911785030        334.50910724615932              100
  0.63891429886998508        336.04116393590050              100
  0.59819130345062621        337.47528861396330              100
  0.54991686783480842        338.81061741689160              100
  0.49688241386647469        340.04634599407842              100
  0.44171855509259517        341.18172998825281              100
  0.38585879572665421        342.21608548821490              100
  0.32998845045998315        343.14878943299988              100
  0.27392015489899063        343.97928000043208              100
  0.21851063879667285        344.70705693149739              100
  0.16536420824782685        345.33168184083888              100
  0.11645303847785800        345.85277848041846              100
   7.3827931538774233E-002   346.27003295807765              100
   3.9568572799405517E-002   346.58319393528399              100
   1.5572774017041255E-002   346.79207277804210              100
   3.1903198946968770E-003   346.89654366443949              100
