   0.0000000000000000        2.6776969994606707E-002         380
   1.2948655477565204E-005  0.13386872233708616              380
   2.0013903355746481E-004  0.34798771825646424              380
   9.7962293283794630E-004  0.66900497934031666              380
   2.9647315573938854E-003   1.0967271393235236              380
   6.8552785059231309E-003   1.6308965543321203              380
   1.3320302084848001E-002   2.2711914575807075              380
   2.2895914285141157E-002   3.0172261620792096              380
   3.5915864504291115E-002   3.8685512846771100              380
   5.2493643018520025E-002   4.8246540163393377              380
   7.2546201209500782E-002   5.8849584404312685              380
   9.5874498017686521E-002   7.0488258652291673              380
  0.12224459380867876        8.3155552222210929              380
  0.15133693739778023        9.6843834804111388              380
  0.18299666890913505        11.154486110411325              380
  0.21654606250142922        12.724977576983441              380
  0.25148559876510052        14.394911872477982              380
  0.28695294214923106        16.163283094726275              380
  0.32234584936517507        18.029026039157635              380
  0.35745413681158239        19.991016854929281              380
  0.39134425464628331        22.048073709946674              380
  0.42304897651949147        24.198957512784339              380
  0.45188759102294540        26.442372648831405              380
  0.47736781851944743        28.776967768003111              380
  0.49888603788280861        31.201336600902270              380
  0.51598471995490580        33.714018796318328              380
  0.52864192510292374        36.313500810292304              380
  0.53835541257463437        38.998216809406507              380
  0.54523812722368281        41.766549622083957              380
  0.54999570631548000        44.616831707669043              380
  0.55444467603606584        47.547346164627093              380
  0.56047473027337558        50.556327758303169              380
  0.56611294308522553        53.641963993134432              380
  0.57007239539170651        56.802396195530932              380
  0.57148289323102464        60.035720639431801              380
  0.57027944130680741        63.339989691420634              380
  0.56782191907400803        66.713212984291175              380
  0.56505083302197190        70.153358611950395              380
  0.56239335691224901        73.658354361662234              380
  0.56000030337247519        77.226088955182334              380
  0.55734872452927675        80.854413321898662              380
  0.55423511150650240        84.541141893309955              380
  0.54983754802254126        88.284053924176106              380
  0.54466436854332834        92.080894822559046              380
  0.53901116605955701        95.929377515426410              380
  0.53183445477979741        99.827183819589422              380
  0.52364434248799374        103.77196584109100              380
  0.51483962459118759        107.76134739237507              380
  0.50531808136860090        111.79292542012458              380
  0.49604084616737937        115.86427145088106              380
  0.48833491546167285        119.97293305622335              380
  0.48220090574232216        124.11643533572777              380
  0.47686740407709199        128.29228239815012              380
  0.47158346756006164        132.49795886572326              380
  0.46619976892801235        136.73093139979264              380
  0.46147073384142062        140.98865021400420              380
  0.45755298034961150        145.26855061949948              380
  0.45349942521041553        149.56805456299745              380
  0.45045690219848183        153.88457218443617              380
  0.44939828927114467        158.21550337639260              380
  0.45046161621460329        162.55823934439130              380
  0.45293002086769485        166.91016418961755              380
  0.45586865825164380        171.26865647456060              380
  0.46000940373278248        175.63109080626035              380
  0.46545305504396678        179.99483941724222              380
  0.47236426266861220        184.35727374894196              380
  0.48021961569238875        188.71576603388496              380
  0.48864658645691467        193.06769087911121              380
  0.49676807396055378        197.41042684710993              380
  0.50449829663920764        201.74135803906640              380
  0.51116801117449684        206.05787566050509              380
  0.51684457685876928        210.35737960400306              380
  0.52243193320527526        214.63728000949834              380
  0.52780831608281953        218.89499882370990              380
  0.53257167884665235        223.12797135777927              380
  0.53826813657756600        227.33364782535241              380
  0.54552624426897600        231.50949488777476              380
  0.55276886085601740        235.65299716727918              380
  0.55926158712017671        239.76165877262147              380
  0.56569061851557567        243.83300480337795              380
  0.57300472230019650        247.86458283112745              380
  0.58167566082121536        251.85396438241153              380
  0.59095294521210884        255.79874640391316              380
  0.59976322192338938        259.69655270807613              380
  0.60747451671192731        263.54503540094350              380
  0.61445206512447914        267.34187629932643              380
  0.62063822389934664        271.08478833019257              380
  0.62366809064613860        274.77151690160383              380
  0.62423687660082305        278.39984126832019              380
  0.62443343417324482        281.96757586184032              380
  0.62619249571979918        285.47257161155215              380
  0.63021624298259182        288.91271723921142              380
  0.63567882033424750        292.28594053208190              380
  0.63899165369060429        295.59020958407075              380
  0.63916739032203740        298.82353402797156              380
  0.63691803285101933        301.98396623036808              380
  0.63308676192967128        305.06960246519941              380
  0.62795585850403524        308.07858405887544              380
  0.62097663824372495        311.00909851583350              380
  0.61221221070225929        313.85938060141854              380
  0.60123842112870285        316.62771341409604              380
  0.58730353311337002        319.31242941321022              380
  0.57054451615104496        321.91191142718418              380
  0.55034985875279996        324.42459362260024              380
  0.52525808099244520        326.84896245549947              380
  0.49566588906488340        329.18355757467111              380
  0.46283749735072888        331.42697271071819              380
  0.42839562951909232        333.57785651355584              380
  0.39346234058266116        335.63491336857322              380
  0.35865973671226786        337.59690418434485              380
  0.32452855393482216        339.46264712877627              380
  0.29054363151754353        341.23101835102455              380
  0.25710451826919450        342.90095264651910              380
  0.22423881182037467        344.47144411309120              380
  0.19204592700591408        345.94154674309141              380
  0.16096602831393733        347.31037500128144              380
  0.13166251963662887        348.57710435827340              380
  0.10447007220264595        349.74097178307125              380
   7.9813562391206322E-002   350.80127620716320              380
   5.8192316879141157E-002   351.75737893882547              380
   4.0054607566115619E-002   352.60870406142334              380
   2.5665367734029602E-002   353.35473876592181              380
   1.5000111190135714E-002   353.99503366917043              380
   7.7508971568038100E-003   354.52920308417902              380
   3.3630016581265693E-003   354.95692524416222              380
   1.1140588788995244E-003   355.27794250524607              380
   2.2815519404558633E-004   355.49206150116549              380
   1.4840858956155389E-005   355.59915325350795              380
   0.0000000000000000        2.6776969994606707E-002         382
   1.3840823965276500E-005  0.13386872233708616              382
   2.1389512038144884E-004  0.34798771825646424              382
   1.0471901009705851E-003  0.66900497934031666              382
   3.1705277382682836E-003   1.0967271393235236              382
   7.3339681350029409E-003   1.6308965543321203              382
   1.4256409090193791E-002   2.2711914575807075              382
   2.4522615394521802E-002   3.0172261620792096              382
   3.8511426425035196E-002   3.8685512846771100              382
   5.6349779546503082E-002   4.8246540163393377              382
   7.7951672829614946E-002   5.8849584404312685              382
  0.10297798981188669        7.0488258652291673              382
  0.13104759493096754        8.3155552222210929              382
  0.16165564025532800        9.6843834804111388              382
  0.19430064669019001        11.154486110411325              382
  0.22832096006960717        12.724977576983441              382
  0.26321298135792598        14.394911872477982              382
  0.29812389131865830        16.163283094726275              382
  0.33276676569121516        18.029026039157635              382
  0.36628941474745491        19.991016854929281              382
  0.39813606754542485        22.048073709946674              382
  0.42810473482826722        24.198957512784339              382
  0.45576741205838539        26.442372648831405              382
  0.48018116788615139        28.776967768003111              382
  0.50019148339368935        31.201336600902270              382
  0.51529833802874836        33.714018796318328              382
  0.52661926228063916        36.313500810292304              382
  0.53511780141887366        38.998216809406507              382
  0.54293146548321836        41.766549622083957              382
  0.55120949626426829        44.616831707669043              382
  0.55887333227899061        47.547346164627093              382
  0.56651169769761911        50.556327758303169              382
  0.57307916555788352        53.641963993134432              382
  0.57703578328166816        56.802396195530932              382
  0.57782659498660593        60.035720639431801              382
  0.57672910550063206        63.339989691420634              382
  0.57364359510755447        66.713212984291175              382
  0.56940206326595988        70.153358611950395              382
  0.56500174427400329        73.658354361662234              382
  0.56070605966816067        77.226088955182334              382
  0.55619245468096123        80.854413321898662              382
  0.55063356593180779        84.541141893309955              382
  0.54426497148371622        88.284053924176106              382
  0.53894980728526476        92.080894822559046              382
  0.53555657998745887        95.929377515426410              382
  0.53339963678758040        99.827183819589422              382
  0.53213933133546720        103.77196584109100              382
  0.53044741770877579        107.76134739237507              382
  0.52729727954894090        111.79292542012458              382
  0.52164791898940366        115.86427145088106              382
  0.51331016637807392        119.97293305622335              382
  0.50322371679053413        124.11643533572777              382
  0.49393987809927775        128.29228239815012              382
  0.48648377380964036        132.49795886572326              382
  0.47908259788278384        136.73093139979264              382
  0.47112831877786315        140.98865021400420              382
  0.46392091113418643        145.26855061949948              382
  0.45948214632303391        149.56805456299745              382
  0.45714792260750586        153.88457218443617              382
  0.45695239245621228        158.21550337639260              382
  0.45881323099287352        162.55823934439130              382
  0.46240820535888549        166.91016418961755              382
  0.46673177254080855        171.26865647456060              382
  0.47080378776054399        175.63109080626035              382
  0.47477605736441003        179.99483941724222              382
  0.47874744047868989        184.35727374894196              382
  0.48263359327735622        188.71576603388496              382
  0.48647016983219621        193.06769087911121              382
  0.48991471403064274        197.41042684710993              382
  0.49384226175626383        201.74135803906640              382
  0.49907763265028726        206.05787566050509              382
  0.50473234726110849        210.35737960400306              382
  0.51000938882825042        214.63728000949834              382
  0.51483854216996427        218.89499882370990              382
  0.52055916563016535        223.12797135777927              382
  0.52761855922468592        227.33364782535241              382
  0.53542425533637950        231.50949488777476              382
  0.54316065897396881        235.65299716727918              382
  0.55087845347078546        239.76165877262147              382
  0.55809597655415444        243.83300480337795              382
  0.56578427012490251        247.86458283112745              382
  0.57317363742748728        251.85396438241153              382
  0.57919146543770295        255.79874640391316              382
  0.58378093077667581        259.69655270807613              382
  0.58825599063001521        263.54503540094350              382
  0.59360600940453212        267.34187629932643              382
  0.60054054125982537        271.08478833019257              382
  0.60905404000476560        274.77151690160383              382
  0.61748595228208203        278.39984126832019              382
  0.62383258723193569        281.96757586184032              382
  0.62775641235024160        285.47257161155215              382
  0.63205291744616809        288.91271723921142              382
  0.63825673010447215        292.28594053208190              382
  0.64534234115333411        295.59020958407075              382
  0.65177505352451248        298.82353402797156              382
  0.65856652095465829        301.98396623036808              382
  0.66124452357091656        305.06960246519941              382
  0.65780832943445477        308.07858405887544              382
  0.64813925712796971        311.00909851583350              382
  0.63317103368342142        313.85938060141854              382
  0.61406709922007652        316.62771341409604              382
  0.59139327024498956        319.31242941321022              382
  0.56724880456845905        321.91191142718418              382
  0.54142173574902230        324.42459362260024              382
  0.51360431265573969        326.84896245549947              382
  0.48392503685368277        329.18355757467111              382
  0.45283117778968540        331.42697271071819              382
  0.42076804586024175        333.57785651355584              382
  0.38703108452525881        335.63491336857322              382
  0.35246634260554249        337.59690418434485              382
  0.31782950210048871        339.46264712877627              382
  0.28364900634133339        341.23101835102455              382
  0.25043173081162812        342.90095264651910              382
  0.21824117475865087        344.47144411309120              382
  0.18672526936256720        345.94154674309141              382
  0.15641622283826295        347.31037500128144              382
  0.12775969413797444        348.57710435827340              382
  0.10106657609464904        349.74097178307125              382
   7.6913289038936766E-002   350.80127620716320              382
   5.5928174475152664E-002   351.75737893882547              382
   3.8398883387170415E-002   352.60870406142334              382
   2.4541515068182695E-002   353.35473876592181              382
   1.4307251723383870E-002   353.99503366917043              382
   7.3769374002840733E-003   354.52920308417902              382
   3.1951698716356784E-003   354.95692524416222              382
   1.0568439858202872E-003   355.27794250524607              382
   2.1620107674927700E-004   355.49206150116549              382
   1.4041931892788169E-005   355.59915325350795              382
   0.0000000000000000        2.6776969994606707E-002         384
   1.3581993473812013E-005  0.13386872233708616              384
   2.0984966254043071E-004  0.34798771825646424              384
   1.0276949708038564E-003  0.66900497934031666              384
   3.1133904415004180E-003   1.0967271393235236              384
   7.2073367366163677E-003   1.6308965543321203              384
   1.4024418569747983E-002   2.2711914575807075              384
   2.4144759552655909E-002   3.0172261620792096              384
   3.7948184969022060E-002   3.8685512846771100              384
   5.5581410331983196E-002   4.8246540163393377              384
   7.6999052593176825E-002   5.8849584404312685              384
  0.10195287023771074        7.0488258652291673              384
  0.13004081989296346        8.3155552222210929              384
  0.16074880612365564        9.6843834804111388              384
  0.19366992070841485        11.154486110411325              384
  0.22792059308758905        12.724977576983441              384
  0.26273939534209667        14.394911872477982              384
  0.29705799160697338        16.163283094726275              384
  0.33047561694880706        18.029026039157635              384
  0.36195367614098356        19.991016854929281              384
  0.39134842315542168        22.048073709946674              384
  0.41902052869397904        24.198957512784339              384
  0.44481204694318360        26.442372648831405              384
  0.46783017602599875        28.776967768003111              384
  0.48831577768706119        31.201336600902270              384
  0.50586087768464139        33.714018796318328              384
  0.52082461393353996        36.313500810292304              384
  0.53299566765301731        38.998216809406507              384
  0.54285716318795152        41.766549622083957              384
  0.55252400251345046        44.616831707669043              384
  0.56309699448328565        47.547346164627093              384
  0.57340150669717671        50.556327758303169              384
  0.58171882111437978        53.641963993134432              384
  0.58736588057094641        56.802396195530932              384
  0.58925374951304021        60.035720639431801              384
  0.58872228744480415        63.339989691420634              384
  0.58657493847273123        66.713212984291175              384
  0.58305079590656217        70.153358611950395              384
  0.57848489453458529        73.658354361662234              384
  0.57300290725255310        77.226088955182334              384
  0.56574113599615994        80.854413321898662              384
  0.55744338291208362        84.541141893309955              384
  0.55031795955730278        88.284053924176106              384
  0.54505270348641510        92.080894822559046              384
  0.54229519573706431        95.929377515426410              384
  0.54182495890310212        99.827183819589422              384
  0.54196479034734246        103.77196584109100              384
  0.54097387664546981        107.76134739237507              384
  0.53783657200079760        111.79292542012458              384
  0.53259017763115302        115.86427145088106              384
  0.52423678294607101        119.97293305622335              384
  0.51349866721396442        124.11643533572777              384
  0.50232262893440927        128.29228239815012              384
  0.49142620580322383        132.49795886572326              384
  0.48186163588481967        136.73093139979264              384
  0.47416577126861625        140.98865021400420              384
  0.46770213578280728        145.26855061949948              384
  0.46324439054500194        149.56805456299745              384
  0.46200216602662775        153.88457218443617              384
  0.46396586935962791        158.21550337639260              384
  0.46775102425697840        162.55823934439130              384
  0.47197681966852550        166.91016418961755              384
  0.47553860233871803        171.26865647456060              384
  0.47677790814978177        175.63109080626035              384
  0.47603662460924590        179.99483941724222              384
  0.47430970777376391        184.35727374894196              384
  0.47322351082034420        188.71576603388496              384
  0.47382673975596218        193.06769087911121              384
  0.47636692029871414        197.41042684710993              384
  0.48154350704319132        201.74135803906640              384
  0.48737589063900644        206.05787566050509              384
  0.49278869073427928        210.35737960400306              384
  0.49818010921283934        214.63728000949834              384
  0.50412969904807370        218.89499882370990              384
  0.51003485507280522        223.12797135777927              384
  0.51585945482696172        227.33364782535241              384
  0.52217138680854247        231.50949488777476              384
  0.52940169412234661        235.65299716727918              384
  0.53717553431391662        239.76165877262147              384
  0.54506938681930672        243.83300480337795              384
  0.55421568366967222        247.86458283112745              384
  0.56351075768783754        251.85396438241153              384
  0.57222631794198142        255.79874640391316              384
  0.58038991503189863        259.69655270807613              384
  0.58788069525372821        263.54503540094350              384
  0.59563207441366606        267.34187629932643              384
  0.60272056283353770        271.08478833019257              384
  0.60880506041926574        274.77151690160383              384
  0.61536969909102113        278.39984126832019              384
  0.62151402902909481        281.96757586184032              384
  0.62697995388503780        285.47257161155215              384
  0.63086449986503457        288.91271723921142              384
  0.63486588810932065        292.28594053208190              384
  0.64086921222183280        295.59020958407075              384
  0.64737482418136705        298.82353402797156              384
  0.65120958489343317        301.98396623036808              384
  0.65015686801201555        305.06960246519941              384
  0.64249750152664464        308.07858405887544              384
  0.62823998543016035        311.00909851583350              384
  0.60966477954041709        313.85938060141854              384
  0.58888473390543572        316.62771341409604              384
  0.56682353852090517        319.31242941321022              384
  0.54366001289234045        321.91191142718418              384
  0.51947800474982664        324.42459362260024              384
  0.49410181383624091        326.84896245549947              384
  0.46738139373193005        329.18355757467111              384
  0.43871205579744060        331.42697271071819              384
  0.40819052964900049        333.57785651355584              384
  0.37509594442933553        335.63491336857322              384
  0.34010200095407672        337.59690418434485              384
  0.30433592417536376        339.46264712877627              384
  0.26931749890869183        341.23101835102455              384
  0.23562237186809293        342.90095264651910              384
  0.20323434061787538        344.47144411309120              384
  0.17249050586504869        345.94154674309141              384
  0.14348806750774692        347.31037500128144              384
  0.11643885543472307        348.57710435827340              384
   9.1647228386315005E-002   349.74097178307125              384
   6.9477134109649979E-002   350.80127620716320              384
   5.0285850160569745E-002   351.75737893882547              384
   3.4383144040794462E-002   352.60870406142334              384
   2.1895278649294192E-002   353.35473876592181              384
   1.2723855814419685E-002   353.99503366917043              384
   6.5425175677459148E-003   354.52920308417902              384
   2.8273577272720589E-003   354.95692524416222              384
   9.3373085041910213E-004   355.27794250524607              384
   1.9083810613902935E-004   355.49206150116549              384
   1.2407918233918658E-005   355.59915325350795              384
   0.0000000000000000        2.6776969994606707E-002         386
   1.3311972776858735E-005  0.13386872233708616              386
   2.0630346275042583E-004  0.34798771825646424              386
   1.0119446044295666E-003  0.66900497934031666              386
   3.0709758143020282E-003   1.0967271393235236              386
   7.1238972918561370E-003   1.6308965543321203              386
   1.3891025518019908E-002   2.2711914575807075              386
   2.3968071649572039E-002   3.0172261620792096              386
   3.7758474213209499E-002   3.8685512846771100              386
   5.5443424326660252E-002   4.8246540163393377              386
   7.6959248339129968E-002   5.8849584404312685              386
  0.10207206475511808        7.0488258652291673              386
  0.13041784411632018        8.3155552222210929              386
  0.16132914019744679        9.6843834804111388              386
  0.19419157458632919        11.154486110411325              386
  0.22851243788944997        12.724977576983441              386
  0.26356479295488638        14.394911872477982              386
  0.29772593747322057        16.163283094726275              386
  0.33056971863631829        18.029026039157635              386
  0.36132140631142312        19.991016854929281              386
  0.38972287015552826        22.048073709946674              386
  0.41567651299845076        24.198957512784339              386
  0.43893504689046398        26.442372648831405              386
  0.46015650474586012        28.776967768003111              386
  0.47970639440219515        31.201336600902270              386
  0.49780465051093398        33.714018796318328              386
  0.51461443469416013        36.313500810292304              386
  0.53069013481885796        38.998216809406507              386
  0.54542639056312281        41.766549622083957              386
  0.55691013106324838        44.616831707669043              386
  0.56546436340138573        47.547346164627093              386
  0.57139287182890519        50.556327758303169              386
  0.57506415944552669        53.641963993134432              386
  0.57695495173796696        56.802396195530932              386
  0.57764629886093088        60.035720639431801              386
  0.57759811037508824        63.339989691420634              386
  0.57664131195775603        66.713212984291175              386
  0.57557775988150295        70.153358611950395              386
  0.57464224543178155        73.658354361662234              386
  0.57266480349328897        77.226088955182334              386
  0.56888264837077729        80.854413321898662              386
  0.56344052143622902        84.541141893309955              386
  0.55659141571124726        88.284053924176106              386
  0.55018762427041434        92.080894822559046              386
  0.54655164967269643        95.929377515426410              386
  0.54573412302986879        99.827183819589422              386
  0.54523648580561357        103.77196584109100              386
  0.54251530151505412        107.76134739237507              386
  0.53635857772886353        111.79292542012458              386
  0.52733300522833237        115.86427145088106              386
  0.51655739307036252        119.97293305622335              386
  0.50524988286980532        124.11643533572777              386
  0.49470007261187121        128.29228239815012              386
  0.48570330070115231        132.49795886572326              386
  0.47822931292955151        136.73093139979264              386
  0.47283677352855130        140.98865021400420              386
  0.47136206097740541        145.26855061949948              386
  0.47199385505479047        149.56805456299745              386
  0.47338845620424475        153.88457218443617              386
  0.47619060295728999        158.21550337639260              386
  0.47905734091013241        162.55823934439130              386
  0.48098664489165638        166.91016418961755              386
  0.48102579353294767        171.26865647456060              386
  0.47952754631339706        175.63109080626035              386
  0.47784424362062705        179.99483941724222              386
  0.47616730944279329        184.35727374894196              386
  0.47461484178584296        188.71576603388496              386
  0.47444583819740993        193.06769087911121              386
  0.47600489872906804        197.41042684710993              386
  0.47954585970072117        201.74135803906640              386
  0.48484474046038722        206.05787566050509              386
  0.49103356375502638        210.35737960400306              386
  0.49710554946650348        214.63728000949834              386
  0.50155247430737382        218.89499882370990              386
  0.50454588164040237        223.12797135777927              386
  0.50713422779959283        227.33364782535241              386
  0.51169473272015453        231.50949488777476              386
  0.51891842182632331        235.65299716727918              386
  0.52944802404842506        239.76165877262147              386
  0.54153753201269161        243.83300480337795              386
  0.55349800603924948        247.86458283112745              386
  0.56449929517478503        251.85396438241153              386
  0.57402804763675219        255.79874640391316              386
  0.58368883112847159        259.69655270807613              386
  0.59300407723967097        263.54503540094350              386
  0.60111454008873710        267.34187629932643              386
  0.60923121724276796        271.08478833019257              386
  0.61638319398444386        274.77151690160383              386
  0.62117973767386236        278.39984126832019              386
  0.62419432325246105        281.96757586184032              386
  0.62631761292208543        285.47257161155215              386
  0.62978163513658414        288.91271723921142              386
  0.63396026546582329        292.28594053208190              386
  0.63799342392840841        295.59020958407075              386
  0.63984625134779005        298.82353402797156              386
  0.63896714598007420        301.98396623036808              386
  0.63492964607524405        305.06960246519941              386
  0.62697826299703996        308.07858405887544              386
  0.61517025948512760        311.00909851583350              386
  0.59909976450915725        313.85938060141854              386
  0.58018776051623999        316.62771341409604              386
  0.55839076108047891        319.31242941321022              386
  0.53454200704710264        321.91191142718418              386
  0.50970923598995499        324.42459362260024              386
  0.48349012256525348        326.84896245549947              386
  0.45560195653378988        329.18355757467111              386
  0.42727833592452452        331.42697271071819              386
  0.39754317464601446        333.57785651355584              386
  0.36582295851493868        335.63491336857322              386
  0.33206430199510006        337.59690418434485              386
  0.29730507977685511        339.46264712877627              386
  0.26258739768466061        341.23101835102455              386
  0.22874614863834483        342.90095264651910              386
  0.19662355265724241        344.47144411309120              386
  0.16634500621515505        345.94154674309141              386
  0.13794490728221065        347.31037500128144              386
  0.11163108431222707        348.57710435827340              386
   8.7747348385422613E-002   349.74097178307125              386
   6.6486313626214585E-002   350.80127620716320              386
   4.8163214428121492E-002   351.75737893882547              386
   3.3007530156181117E-002   352.60870406142334              386
   2.1084690388344294E-002   353.35473876592181              386
   1.2296141876704579E-002   353.99503366917043              386
   6.3416431313214946E-003   354.52920308417902              386
   2.7479716149182505E-003   354.95692524416222              386
   9.0938351895032763E-004   355.27794250524607              386
   1.8617287944899284E-004   355.49206150116549              386
   1.2132143754166257E-005   355.59915325350795              386
   0.0000000000000000        2.6776969994606707E-002         388
   1.2878749652822030E-005  0.13386872233708616              388
   1.9984259564687654E-004  0.34798771825646424              388
   9.8141810859065639E-004  0.66900497934031666              388
   2.9828765099050507E-003   1.0967271393235236              388
   6.9333416846315615E-003   1.6308965543321203              388
   1.3555499923537977E-002   2.2711914575807075              388
   2.3464327867681149E-002   3.0172261620792096              388
   3.7086170540275992E-002   3.8685512846771100              388
   5.4616517179293417E-002   4.8246540163393377              388
   7.5965519827640854E-002   5.8849584404312685              388
  0.10084713446068343        7.0488258652291673              388
  0.12888869126173277        8.3155552222210929              388
  0.15949498101389417        9.6843834804111388              388
  0.19206347691253520        11.154486110411325              388
  0.22613069049916612        12.724977576983441              388
  0.26063585634214509        14.394911872477982              388
  0.29450902809767582        16.163283094726275              388
  0.32739240028294536        18.029026039157635              388
  0.35947634231225994        19.991016854929281              388
  0.39020757548475682        22.048073709946674              388
  0.41817566635146913        24.198957512784339              388
  0.44258172036323495        26.442372648831405              388
  0.46312367915391450        28.776967768003111              388
  0.48187599926608138        31.201336600902270              388
  0.49953630500345020        33.714018796318328              388
  0.51677680855323882        36.313500810292304              388
  0.53403353445821378        38.998216809406507              388
  0.54952120682220584        41.766549622083957              388
  0.56278757796266143        44.616831707669043              388
  0.57294123469810654        47.547346164627093              388
  0.57904284962797126        50.556327758303169              388
  0.58097244801976589        53.641963993134432              388
  0.58082871378885248        56.802396195530932              388
  0.57946449655461518        60.035720639431801              388
  0.57771324735215768        63.339989691420634              388
  0.57466732956196775        66.713212984291175              388
  0.57015751915910262        70.153358611950395              388
  0.56480842107298290        73.658354361662234              388
  0.56002231279183223        77.226088955182334              388
  0.55584199955579550        80.854413321898662              388
  0.55217518169347146        84.541141893309955              388
  0.54843749778607087        88.284053924176106              388
  0.54459465369532423        92.080894822559046              388
  0.54088541708594906        95.929377515426410              388
  0.53816177666567322        99.827183819589422              388
  0.53544875582482221        103.77196584109100              388
  0.53190779747965222        107.76134739237507              388
  0.52652537226766305        111.79292542012458              388
  0.51791153822963953        115.86427145088106              388
  0.50628998344229004        119.97293305622335              388
  0.49326246275355340        124.11643533572777              388
  0.48159754494624718        128.29228239815012              388
  0.47312998587456140        132.49795886572326              388
  0.46874514726817762        136.73093139979264              388
  0.46769778754425340        140.98865021400420              388
  0.46731048692464805        145.26855061949948              388
  0.46773148431428341        149.56805456299745              388
  0.46923162686504405        153.88457218443617              388
  0.47216013207516688        158.21550337639260              388
  0.47481806604792481        162.55823934439130              388
  0.47587546555403037        166.91016418961755              388
  0.47527412009494124        171.26865647456060              388
  0.47481024936869387        175.63109080626035              388
  0.47485474205290923        179.99483941724222              388
  0.47512594782967177        184.35727374894196              388
  0.47593228330107978        188.71576603388496              388
  0.47680764122681285        193.06769087911121              388
  0.47841815351957351        197.41042684710993              388
  0.48151470995077406        201.74135803906640              388
  0.48672829396144351        206.05787566050509              388
  0.49261162976608780        210.35737960400306              388
  0.49740470656717695        214.63728000949834              388
  0.50130086933135876        218.89499882370990              388
  0.50466676570324065        223.12797135777927              388
  0.50894637290179179        227.33364782535241              388
  0.51540028972066643        231.50949488777476              388
  0.52345171526159751        235.65299716727918              388
  0.53262838318647765        239.76165877262147              388
  0.54209659891541384        243.83300480337795              388
  0.55032936818028677        247.86458283112745              388
  0.55717391685144146        251.85396438241153              388
  0.56291044705573612        255.79874640391316              388
  0.56992929011021121        259.69655270807613              388
  0.57858009127113674        263.54503540094350              388
  0.58766139341628532        267.34187629932643              388
  0.59656712832133674        271.08478833019257              388
  0.60387701586337916        274.77151690160383              388
  0.60889430112980270        278.39984126832019              388
  0.61144439781034399        281.96757586184032              388
  0.61200775479779579        285.47257161155215              388
  0.61256391996759607        288.91271723921142              388
  0.61311830340208617        292.28594053208190              388
  0.61206278588034047        295.59020958407075              388
  0.60913557938706209        298.82353402797156              388
  0.60396684587283023        301.98396623036808              388
  0.59719414115135172        305.06960246519941              388
  0.58918406129567447        308.07858405887544              388
  0.57899399875249435        311.00909851583350              388
  0.56744098266333443        313.85938060141854              388
  0.55423163529522934        316.62771341409604              388
  0.53952591111762760        319.31242941321022              388
  0.52260280508751300        321.91191142718418              388
  0.50205203862153536        324.42459362260024              388
  0.47781831284147147        326.84896245549947              388
  0.44951323026423340        329.18355757467111              388
  0.41792854945578040        331.42697271071819              388
  0.38412301839701429        333.57785651355584              388
  0.34925478788637593        335.63491336857322              388
  0.31463198045615198        337.59690418434485              388
  0.28139906631537881        339.46264712877627              388
  0.24979060200728942        341.23101835102455              388
  0.21959635310979964        342.90095264651910              388
  0.19035699523398414        344.47144411309120              388
  0.16214137273163987        345.94154674309141              388
  0.13528400317938005        347.31037500128144              388
  0.10992182969262314        348.57710435827340              388
   8.6579958094935724E-002   349.74097178307125              388
   6.5668797233436563E-002   350.80127620716320              388
   4.7588246973158770E-002   351.75737893882547              388
   3.2606408956989623E-002   352.60870406142334              388
   2.0807198899270851E-002   353.35473876592181              388
   1.2114249190048578E-002   353.99503366917043              388
   6.2391060913754345E-003   354.52920308417902              388
   2.6994152476458194E-003   354.95692524416222              388
   8.9219274919626870E-004   355.27794250524607              388
   1.8236057388933274E-004   355.49206150116549              388
   1.1823621799005646E-005   355.59915325350795              388
   0.0000000000000000        2.6776969994606707E-002         390
   1.2274543832944719E-005  0.13386872233708616              390
   1.8974708369033568E-004  0.34798771825646424              390
   9.3078498123190924E-004  0.66900497934031666              390
   2.8271705839843443E-003   1.0967271393235236              390
   6.5671888298590069E-003   1.6308965543321203              390
   1.2833392017889590E-002   2.2711914575807075              390
   2.2209385752313331E-002   3.0172261620792096              390
   3.5112678816372742E-002   3.8685512846771100              390
   5.1762960359770342E-002   4.8246540163393377              390
   7.2142122190776314E-002   5.8849584404312685              390
   9.6031015371549358E-002   7.0488258652291673              390
  0.12295160465497092        8.3155552222210929              390
  0.15231409454280434        9.6843834804111388              390
  0.18351826581151851        11.154486110411325              390
  0.21581668078489541        12.724977576983441              390
  0.24847403642503632        14.394911872477982              390
  0.28107113391600408        16.163283094726275              390
  0.31330659284076934        18.029026039157635              390
  0.34539391145032577        19.991016854929281              390
  0.37802301734837440        22.048073709946674              390
  0.41083634374552480        24.198957512784339              390
  0.44298535470985023        26.442372648831405              390
  0.47291076573381940        28.776967768003111              390
  0.49853370646816753        31.201336600902270              390
  0.51919936290061841        33.714018796318328              390
  0.53485263317572695        36.313500810292304              390
  0.54722178502640950        38.998216809406507              390
  0.55814371063870916        41.766549622083957              390
  0.56689518030045016        44.616831707669043              390
  0.57154590611286982        47.547346164627093              390
  0.57193010303940350        50.556327758303169              390
  0.57002062684811461        53.641963993134432              390
  0.56775683390146037        56.802396195530932              390
  0.56628108055154869        60.035720639431801              390
  0.56457424830037473        63.339989691420634              390
  0.56194310933621161        66.713212984291175              390
  0.55953317982050343        70.153358611950395              390
  0.55610859766156695        73.658354361662234              390
  0.55112737354217156        77.226088955182334              390
  0.54626282373882329        80.854413321898662              390
  0.54160970718940060        84.541141893309955              390
  0.53616537034866041        88.284053924176106              390
  0.53019403575102975        92.080894822559046              390
  0.52523487581285244        95.929377515426410              390
  0.52214420283616469        99.827183819589422              390
  0.51933816564350288        103.77196584109100              390
  0.51603891444334116        107.76134739237507              390
  0.51189565462035991        111.79292542012458              390
  0.50617167536001295        115.86427145088106              390
  0.49869341065275691        119.97293305622335              390
  0.48977158031457035        124.11643533572777              390
  0.48007593921909503        128.29228239815012              390
  0.47110819580191571        132.49795886572326              390
  0.46397000052933896        136.73093139979264              390
  0.45861583139081719        140.98865021400420              390
  0.45502412675573534        145.26855061949948              390
  0.45210959224718988        149.56805456299745              390
  0.44962098887771440        153.88457218443617              390
  0.44813829484032291        158.21550337639260              390
  0.44906307414255947        162.55823934439130              390
  0.45177376074174441        166.91016418961755              390
  0.45419936923953458        171.26865647456060              390
  0.45700336224892119        175.63109080626035              390
  0.45986260122667066        179.99483941724222              390
  0.46280252879833766        184.35727374894196              390
  0.46611835202479857        188.71576603388496              390
  0.46999124450246077        193.06769087911121              390
  0.47430365423835869        197.41042684710993              390
  0.47897352004669214        201.74135803906640              390
  0.48422030411024169        206.05787566050509              390
  0.48965668136697887        210.35737960400306              390
  0.49513914018986344        214.63728000949834              390
  0.50117482688219750        218.89499882370990              390
  0.50674407536514621        223.12797135777927              390
  0.51171070844745437        227.33364782535241              390
  0.51601436723204697        231.50949488777476              390
  0.52140226251106037        235.65299716727918              390
  0.52750160076477548        239.76165877262147              390
  0.53392023568967217        243.83300480337795              390
  0.54053032517498734        247.86458283112745              390
  0.54747514619427395        251.85396438241153              390
  0.55437835115182588        255.79874640391316              390
  0.56047351459130812        259.69655270807613              390
  0.56695709651562742        263.54503540094350              390
  0.57497387520796162        267.34187629932643              390
  0.58442248440694877        271.08478833019257              390
  0.59454474413703484        274.77151690160383              390
  0.60386790172071159        278.39984126832019              390
  0.60935063663732036        281.96757586184032              390
  0.61088771593368796        285.47257161155215              390
  0.60904353107494702        288.91271723921142              390
  0.60676470901153723        292.28594053208190              390
  0.60516038594140986        295.59020958407075              390
  0.60240760480357702        298.82353402797156              390
  0.59701695236756636        301.98396623036808              390
  0.58832375825251615        305.06960246519941              390
  0.57685312164291824        308.07858405887544              390
  0.56290394967521207        311.00909851583350              390
  0.54759132325152815        313.85938060141854              390
  0.53204410812651992        316.62771341409604              390
  0.51804792102313069        319.31242941321022              390
  0.50527605127660447        321.91191142718418              390
  0.49131301669487126        324.42459362260024              390
  0.47428664314782493        326.84896245549947              390
  0.45211843076551023        329.18355757467111              390
  0.42479659811802412        331.42697271071819              390
  0.39418673745248134        333.57785651355584              390
  0.36170683740692078        335.63491336857322              390
  0.32944900687067419        337.59690418434485              390
  0.29740997871059355        339.46264712877627              390
  0.26550004947325562        341.23101835102455              390
  0.23411827581556971        342.90095264651910              390
  0.20327625232587471        344.47144411309120              390
  0.17312935436818280        345.94154674309141              390
  0.14428535491368574        347.31037500128144              390
  0.11713148975232711        348.57710435827340              390
   9.2139099837073343E-002   349.74097178307125              390
   6.9828705422348827E-002   350.80127620716320              390
   5.0602687284908757E-002   351.75737893882547              390
   3.4655610111773386E-002   352.60870406142334              390
   2.2110248022032021E-002   353.35473876592181              390
   1.2877416444112565E-002   353.99503366917043              390
   6.6350804351104908E-003   354.52920308417902              390
   2.8731050746471317E-003   354.95692524416222              390
   9.5044119778425686E-004   355.27794250524607              390
   1.9453711965670991E-004   355.49206150116549              390
   1.2668836109481549E-005   355.59915325350795              390
   0.0000000000000000        2.6776969994606707E-002         392
   1.2317865300185978E-005  0.13386872233708616              392
   1.9042136417512010E-004  0.34798771825646424              392
   9.3299405650369498E-004  0.66900497934031666              392
   2.8278292469179926E-003   1.0967271393235236              392
   6.5516709884046089E-003   1.6308965543321203              392
   1.2762222501659320E-002   2.2711914575807075              392
   2.2001837586026148E-002   3.0172261620792096              392
   3.4636433657891159E-002   3.8685512846771100              392
   5.0825184373867453E-002   4.8246540163393377              392
   7.0531471082501920E-002   5.8849584404312685              392
   9.3556211252770305E-002   7.0488258652291673              392
  0.11952411475986105        8.3155552222210929              392
  0.14802277765734237        9.6843834804111388              392
  0.17875758566088015        11.154486110411325              392
  0.21141393789994936        12.724977576983441              392
  0.24594776825915196        14.394911872477982              392
  0.28180022880293670        16.163283094726275              392
  0.31853548555334721        18.029026039157635              392
  0.35561303965086871        19.991016854929281              392
  0.39210643599982781        22.048073709946674              392
  0.42729195875675030        24.198957512784339              392
  0.46049324914082163        26.442372648831405              392
  0.49054857061372992        28.776967768003111              392
  0.51751559986518259        31.201336600902270              392
  0.54132389251643964        33.714018796318328              392
  0.56191754520152570        36.313500810292304              392
  0.57925694060170885        38.998216809406507              392
  0.59350167640403095        41.766549622083957              392
  0.60369309930996062        44.616831707669043              392
  0.60859132712173580        47.547346164627093              392
  0.60897251795073493        50.556327758303169              392
  0.60588763028764570        53.641963993134432              392
  0.60147680084173261        56.802396195530932              392
  0.59811031833714690        60.035720639431801              392
  0.59695900481359088        63.339989691420634              392
  0.59605582155254089        66.713212984291175              392
  0.59234210874608062        70.153358611950395              392
  0.58465617351641952        73.658354361662234              392
  0.57455629357460525        77.226088955182334              392
  0.56403207808739853        80.854413321898662              392
  0.55485281506203732        84.541141893309955              392
  0.54583433878830279        88.284053924176106              392
  0.53724615987581303        92.080894822559046              392
  0.52921021694368720        95.929377515426410              392
  0.52223979058777681        99.827183819589422              392
  0.51623540029712067        103.77196584109100              392
  0.51074819904893076        107.76134739237507              392
  0.50504162572530042        111.79292542012458              392
  0.49892955326330229        115.86427145088106              392
  0.49237576640829034        119.97293305622335              392
  0.48537514888296718        124.11643533572777              392
  0.47812469069435548        128.29228239815012              392
  0.47094632163052114        132.49795886572326              392
  0.46377615270700778        136.73093139979264              392
  0.45651871221511181        140.98865021400420              392
  0.44966689841456486        145.26855061949948              392
  0.44375143392793720        149.56805456299745              392
  0.43909037010952229        153.88457218443617              392
  0.43557578145563980        158.21550337639260              392
  0.43420953391879991        162.55823934439130              392
  0.43613594612129641        166.91016418961755              392
  0.43994937745457996        171.26865647456060              392
  0.44468866047996752        175.63109080626035              392
  0.45084014974259434        179.99483941724222              392
  0.45753978828078795        184.35727374894196              392
  0.46522694329484299        188.71576603388496              392
  0.47268507533409171        193.06769087911121              392
  0.47894021016324512        197.41042684710993              392
  0.48332228575122604        201.74135803906640              392
  0.48703194763012775        206.05787566050509              392
  0.49174532269944926        210.35737960400306              392
  0.49752125559043925        214.63728000949834              392
  0.50462977510558704        218.89499882370990              392
  0.51231128108943291        223.12797135777927              392
  0.51993074021271146        227.33364782535241              392
  0.52794490238506930        231.50949488777476              392
  0.53752068217131388        235.65299716727918              392
  0.54704085622628351        239.76165877262147              392
  0.55550659866075114        243.83300480337795              392
  0.56302701046115033        247.86458283112745              392
  0.56976888139533910        251.85396438241153              392
  0.57596583300528870        255.79874640391316              392
  0.58170279094549193        259.69655270807613              392
  0.58741479690313736        263.54503540094350              392
  0.59250571113464856        267.34187629932643              392
  0.59694211400878228        271.08478833019257              392
  0.60133892580868387        274.77151690160383              392
  0.60603071642958806        278.39984126832019              392
  0.60968382505068530        281.96757586184032              392
  0.61131354973447571        285.47257161155215              392
  0.60993138709266670        288.91271723921142              392
  0.60478462479249229        292.28594053208190              392
  0.59796465583968017        295.59020958407075              392
  0.59165204641885372        298.82353402797156              392
  0.58665463748199054        301.98396623036808              392
  0.58139805265470612        305.06960246519941              392
  0.57419933051056815        308.07858405887544              392
  0.56409887759030219        311.00909851583350              392
  0.55162890710187040        313.85938060141854              392
  0.53939005102080562        316.62771341409604              392
  0.52701406425204456        319.31242941321022              392
  0.51355030750464692        321.91191142718418              392
  0.49851770458198902        324.42459362260024              392
  0.48127671719209375        326.84896245549947              392
  0.46172418629127138        329.18355757467111              392
  0.43911594522476072        331.42697271071819              392
  0.41303612186162048        333.57785651355584              392
  0.38359972158464622        335.63491336857322              392
  0.35165136570561900        337.59690418434485              392
  0.31810970991089577        339.46264712877627              392
  0.28353472448737954        341.23101835102455              392
  0.24924207871020446        342.90095264651910              392
  0.21620022512312284        344.47144411309120              392
  0.18454680001596699        345.94154674309141              392
  0.15453169806986047        347.31037500128144              392
  0.12624007846544413        348.57710435827340              392
   9.9944072507226117E-002   349.74097178307125              392
   7.6107679409803522E-002   350.80127620716320              392
   5.5309399236666397E-002   351.75737893882547              392
   3.7969743969521540E-002   352.60870406142334              392
   2.4263647925359365E-002   353.35473876592181              392
   1.4141542848638692E-002   353.99503366917043              392
   7.2871101501892077E-003   354.52920308417902              392
   3.1548011079030338E-003   354.95692524416222              392
   1.0431126793364325E-003   355.27794250524607              392
   2.1318805114111826E-004   355.49206150116549              392
   1.3788531414260718E-005   355.59915325350795              392
   0.0000000000000000        2.6776969994606707E-002         394
   1.3319231748277419E-005  0.13386872233708616              394
   2.0564134837550439E-004  0.34798771825646424              394
   1.0063566306115419E-003  0.66900497934031666              394
   3.0458156953497473E-003   1.0967271393235236              394
   7.0449907625691850E-003   1.6308965543321203              394
   1.3697755491123403E-002   2.2711914575807075              394
   2.3569483281776080E-002   3.0172261620792096              394
   3.7033983127830475E-002   3.8685512846771100              394
   5.4232455930976947E-002   4.8246540163393377              394
   7.5091500266966246E-002   5.8849584404312685              394
   9.9398283954125422E-002   7.0488258652291673              394
  0.12687740227641256        8.3155552222210929              394
  0.15722219949040808        9.6843834804111388              394
  0.18985706679058859        11.154486110411325              394
  0.22434533133477302        12.724977576983441              394
  0.26042389750798201        14.394911872477982              394
  0.29747622844086774        16.163283094726275              394
  0.33507949681336496        18.029026039157635              394
  0.37264462137090965        19.991016854929281              394
  0.40913366498365122        22.048073709946674              394
  0.44371180576123587        24.198957512784339              394
  0.47658067804836729        26.442372648831405              394
  0.50717439477340576        28.776967768003111              394
  0.53498615067491428        31.201336600902270              394
  0.56039407859673762        33.714018796318328              394
  0.58291086223759181        36.313500810292304              394
  0.60214005282105709        38.998216809406507              394
  0.61721748293593925        41.766549622083957              394
  0.62840187778458001        44.616831707669043              394
  0.63642073488548268        47.547346164627093              394
  0.64154460920962242        50.556327758303169              394
  0.64420962434978213        53.641963993134432              394
  0.64504263615496871        56.802396195530932              394
  0.64605519995645555        60.035720639431801              394
  0.64666623518493094        63.339989691420634              394
  0.64515598575686461        66.713212984291175              394
  0.64071750947073081        70.153358611950395              394
  0.63350739125141609        73.658354361662234              394
  0.62299031415673700        77.226088955182334              394
  0.60861870964953679        80.854413321898662              394
  0.59022008207192056        84.541141893309955              394
  0.57177011060966387        88.284053924176106              394
  0.55451197220589210        92.080894822559046              394
  0.53902998029518012        95.929377515426410              394
  0.52651856057857227        99.827183819589422              394
  0.51743075998504451        103.77196584109100              394
  0.51154785737499009        107.76134739237507              394
  0.50505035234150808        111.79292542012458              394
  0.49654661473259787        115.86427145088106              394
  0.48728908463083076        119.97293305622335              394
  0.47856642102766606        124.11643533572777              394
  0.47072509464439666        128.29228239815012              394
  0.46369562739487674        132.49795886572326              394
  0.45711084754764364        136.73093139979264              394
  0.45047592155951616        140.98865021400420              394
  0.44421672812614460        145.26855061949948              394
  0.43888977440979354        149.56805456299745              394
  0.43489357643544263        153.88457218443617              394
  0.43280536929008012        158.21550337639260              394
  0.43330702778827718        162.55823934439130              394
  0.43587552916505001        166.91016418961755              394
  0.43974248036693264        171.26865647456060              394
  0.44454501673145697        175.63109080626035              394
  0.45125761161516859        179.99483941724222              394
  0.46028994518950422        184.35727374894196              394
  0.46919681271019142        188.71576603388496              394
  0.47658515044940403        193.06769087911121              394
  0.48213289709042884        197.41042684710993              394
  0.48635137159244490        201.74135803906640              394
  0.49117099864868657        206.05787566050509              394
  0.49829926815837305        210.35737960400306              394
  0.50745930547642104        214.63728000949834              394
  0.51680605334344731        218.89499882370990              394
  0.52510079064665438        223.12797135777927              394
  0.53133704923091163        227.33364782535241              394
  0.53573236015383974        231.50949488777476              394
  0.54042867872679801        235.65299716727918              394
  0.54577538490426170        239.76165877262147              394
  0.55158661885637883        243.83300480337795              394
  0.55897015697798202        247.86458283112745              394
  0.56732769243170400        251.85396438241153              394
  0.57549364590841534        255.79874640391316              394
  0.58206940687758191        259.69655270807613              394
  0.58614043907645896        263.54503540094350              394
  0.58866071869109671        267.34187629932643              394
  0.59038545387489183        271.08478833019257              394
  0.58984496529265928        274.77151690160383              394
  0.58771014983310099        278.39984126832019              394
  0.58492707955851209        281.96757586184032              394
  0.58185653211687838        285.47257161155215              394
  0.58009566476178620        288.91271723921142              394
  0.57851983121492856        292.28594053208190              394
  0.57603524377385473        295.59020958407075              394
  0.57278566267498310        298.82353402797156              394
  0.57004337556501761        301.98396623036808              394
  0.56640649317461900        305.06960246519941              394
  0.56121043594336240        308.07858405887544              394
  0.55408094102718042        311.00909851583350              394
  0.54564977329066500        313.85938060141854              394
  0.53623725732343264        316.62771341409604              394
  0.52507805485552395        319.31242941321022              394
  0.51173693778470009        321.91191142718418              394
  0.49726965895332492        324.42459362260024              394
  0.48183886028756573        326.84896245549947              394
  0.46508855848541347        329.18355757467111              394
  0.44543786993283269        331.42697271071819              394
  0.42257209369718585        333.57785651355584              394
  0.39618010843946666        335.63491336857322              394
  0.36690609162943094        337.59690418434485              394
  0.33569576059551426        339.46264712877627              394
  0.30272873962444630        341.23101835102455              394
  0.26912966116263082        342.90095264651910              394
  0.23522594360062349        344.47144411309120              394
  0.20187021629161564        345.94154674309141              394
  0.16942590327867610        347.31037500128144              394
  0.13844948394943254        348.57710435827340              394
  0.10955131161445543        349.74097178307125              394
   8.3363307353623614E-002   350.80127620716320              394
   6.0534920601629703E-002   351.75737893882547              394
   4.1506946679535410E-002   352.60870406142334              394
   2.6489218949927101E-002   353.35473876592181              394
   1.5417153042148100E-002   353.99503366917043              394
   7.9355529034487570E-003   354.52920308417902              394
   3.4317262574439394E-003   354.95692524416222              394
   1.1333371204224386E-003   355.27794250524607              394
   2.3128777490635422E-004   355.49206150116549              394
   1.4892626966435478E-005   355.59915325350795              394
   0.0000000000000000        2.6776969994606707E-002         396
   1.4503507882308725E-005  0.13386872233708616              396
   2.2360630706193428E-004  0.34798771825646424              396
   1.0947126942836562E-003  0.66900497934031666              396
   3.3160292204002357E-003   1.0967271393235236              396
   7.6761802170629773E-003   1.6308965543321203              396
   1.4938066626695116E-002   2.2711914575807075              396
   2.5731987842286055E-002   3.0172261620792096              396
   4.0472573215098263E-002   3.8685512846771100              396
   5.9321606287108149E-002   4.8246540163393377              396
   8.2202334468252494E-002   5.8849584404312685              396
  0.10895193355662505        7.0488258652291673              396
  0.13919599614203776        8.3155552222210929              396
  0.17229249340458019        9.6843834804111388              396
  0.20755388064764932        11.154486110411325              396
  0.24455700994176066        12.724977576983441              396
  0.28268566645687282        14.394911872477982              396
  0.32178733206467208        16.163283094726275              396
  0.36153747293616695        18.029026039157635              396
  0.40090965856350969        19.991016854929281              396
  0.43899557200457939        22.048073709946674              396
  0.47505979122525072        24.198957512784339              396
  0.50970895817049666        26.442372648831405              396
  0.54209180582110705        28.776967768003111              396
  0.57266443971136016        31.201336600902270              396
  0.60104902178987418        33.714018796318328              396
  0.62534565694482724        36.313500810292304              396
  0.64465338790129978        38.998216809406507              396
  0.65858064735445332        41.766549622083957              396
  0.66840283160082137        44.616831707669043              396
  0.67431093642850370        47.547346164627093              396
  0.67739741604502823        50.556327758303169              396
  0.67903006196064220        53.641963993134432              396
  0.67962969646248184        56.802396195530932              396
  0.67855402251362096        60.035720639431801              396
  0.67669010961624798        63.339989691420634              396
  0.67401111328840679        66.713212984291175              396
  0.66925550245745058        70.153358611950395              396
  0.66072148070688153        73.658354361662234              396
  0.64879810821150752        77.226088955182334              396
  0.63437550645055774        80.854413321898662              396
  0.61658570257166967        84.541141893309955              396
  0.59612384258462314        88.284053924176106              396
  0.57407471695598000        92.080894822559046              396
  0.55342272238672552        95.929377515426410              396
  0.53604295526074885        99.827183819589422              396
  0.52226576572747641        103.77196584109100              396
  0.51165552175856310        107.76134739237507              396
  0.50215845814945903        111.79292542012458              396
  0.49364044900166293        115.86427145088106              396
  0.48628124163090503        119.97293305622335              396
  0.47939170880902787        124.11643533572777              396
  0.47222229394085286        128.29228239815012              396
  0.46442156396433726        132.49795886572326              396
  0.45630627787315575        136.73093139979264              396
  0.44910258996402697        140.98865021400420              396
  0.44385545241412949        145.26855061949948              396
  0.43970743103569698        149.56805456299745              396
  0.43605421295428826        153.88457218443617              396
  0.43304976121277422        158.21550337639260              396
  0.43217011715209264        162.55823934439130              396
  0.43368118658576371        166.91016418961755              396
  0.43672872377399652        171.26865647456060              396
  0.44047030502615347        175.63109080626035              396
  0.44616733584333867        179.99483941724222              396
  0.45462175800624050        184.35727374894196              396
  0.46401929655127233        188.71576603388496              396
  0.47220442695328468        193.06769087911121              396
  0.47954560710297400        197.41042684710993              396
  0.48707149409037898        201.74135803906640              396
  0.49509581291401927        206.05787566050509              396
  0.50316201801377325        210.35737960400306              396
  0.51012404695526192        214.63728000949834              396
  0.51477483652091127        218.89499882370990              396
  0.51694506459800815        223.12797135777927              396
  0.51812924164634888        227.33364782535241              396
  0.51926302578538086        231.50949488777476              396
  0.52131478915749185        235.65299716727918              396
  0.52583983746782237        239.76165877262147              396
  0.53282286863935058        243.83300480337795              396
  0.54127247916515930        247.86458283112745              396
  0.54980532549089323        251.85396438241153              396
  0.55793571761594740        255.79874640391316              396
  0.56460527820412332        259.69655270807613              396
  0.56860590091666963        263.54503540094350              396
  0.57029367251944652        267.34187629932643              396
  0.57104632003027633        271.08478833019257              396
  0.57139249711423523        274.77151690160383              396
  0.57184440296818462        278.39984126832019              396
  0.57223474366694527        281.96757586184032              396
  0.57250770762439240        285.47257161155215              396
  0.57315921925270608        288.91271723921142              396
  0.57446583457918221        292.28594053208190              396
  0.57534486051599443        295.59020958407075              396
  0.57475613096125744        298.82353402797156              396
  0.57246456356663489        301.98396623036808              396
  0.56923529773268056        305.06960246519941              396
  0.56545346497424365        308.07858405887544              396
  0.55998245998054708        311.00909851583350              396
  0.55232650640846981        313.85938060141854              396
  0.54435967870686630        316.62771341409604              396
  0.53514765491627936        319.31242941321022              396
  0.52313443879930399        321.91191142718418              396
  0.50836959415293037        324.42459362260024              396
  0.49171012413461440        326.84896245549947              396
  0.47360805727725291        329.18355757467111              396
  0.45349254672560940        331.42697271071819              396
  0.43057996092957518        333.57785651355584              396
  0.40435590172942260        335.63491336857322              396
  0.37496397337338949        337.59690418434485              396
  0.34312597965691549        339.46264712877627              396
  0.30995934998653379        341.23101835102455              396
  0.27587760344113882        342.90095264651910              396
  0.24132565398459488        344.47144411309120              396
  0.20705780312375754        345.94154674309141              396
  0.17362026977699660        347.31037500128144              396
  0.14163039433336028        348.57710435827340              396
  0.11189286138271595        349.74097178307125              396
   8.5037544215176175E-002   350.80127620716320              396
   6.1664523650785986E-002   351.75737893882547              396
   4.2182194024392515E-002   352.60870406142334              396
   2.6850124713816825E-002   353.35473876592181              396
   1.5586674130561248E-002   353.99503366917043              396
   8.0013075862934210E-003   354.52920308417902              396
   3.4512946818260350E-003   354.95692524416222              396
   1.1376181627115404E-003   355.27794250524607              396
   2.3187696159445085E-004   355.49206150116549              396
   1.4938155755482932E-005   355.59915325350795              396
   0.0000000000000000        2.6776969994606707E-002         398
   1.4172216636872882E-005  0.13386872233708616              398
   2.1804580847473043E-004  0.34798771825646424              398
   1.0663779291168267E-003  0.66900497934031666              398
   3.2271009982497373E-003   1.0967271393235236              398
   7.4655060201732218E-003   1.6308965543321203              398
   1.4526165389410340E-002   2.2711914575807075              398
   2.5038095254877425E-002   3.0172261620792096              398
   3.9442849222300416E-002   3.8685512846771100              398
   5.8009610137813944E-002   4.8246540163393377              398
   8.0786237327475655E-002   5.8849584404312685              398
  0.10759524144927043        7.0488258652291673              398
  0.13813423261453431        8.3155552222210929              398
  0.17201292266043447        9.6843834804111388              398
  0.20862106406369035        11.154486110411325              398
  0.24724864489143281        12.724977576983441              398
  0.28779310959816495        14.394911872477982              398
  0.33017722731183552        16.163283094726275              398
  0.37356912811027293        18.029026039157635              398
  0.41729287172886043        19.991016854929281              398
  0.46007878789559470        22.048073709946674              398
  0.50027382916232987        24.198957512784339              398
  0.53592247389529390        26.442372648831405              398
  0.56605849910799466        28.776967768003111              398
  0.59150235722665512        31.201336600902270              398
  0.61221230728744580        33.714018796318328              398
  0.62851416553304174        36.313500810292304              398
  0.64241556915697517        38.998216809406507              398
  0.65506705013735533        41.766549622083957              398
  0.66728852924467785        44.616831707669043              398
  0.67813668785230130        47.547346164627093              398
  0.68651531585853387        50.556327758303169              398
  0.69220615661137685        53.641963993134432              398
  0.69431351269074415        56.802396195530932              398
  0.69273657580794212        60.035720639431801              398
  0.68796548838774241        63.339989691420634              398
  0.68065448467845313        66.713212984291175              398
  0.67254806723645577        70.153358611950395              398
  0.66320910532302801        73.658354361662234              398
  0.65193018353104115        77.226088955182334              398
  0.63807890422298108        80.854413321898662              398
  0.62217224102156232        84.541141893309955              398
  0.60501407742230562        88.284053924176106              398
  0.58703487208879601        92.080894822559046              398
  0.56963033888413350        95.929377515426410              398
  0.55502167491315013        99.827183819589422              398
  0.54332213860565926        103.77196584109100              398
  0.53262684302211816        107.76134739237507              398
  0.52150143208472177        111.79292542012458              398
  0.50988869466688824        115.86427145088106              398
  0.49782443534748716        119.97293305622335              398
  0.48602311665852993        124.11643533572777              398
  0.47518691300159466        128.29228239815012              398
  0.46543079429224377        132.49795886572326              398
  0.45612876477883008        136.73093139979264              398
  0.44725359165365786        140.98865021400420              398
  0.44028740189068605        145.26855061949948              398
  0.43472400828481594        149.56805456299745              398
  0.43118193180834513        153.88457218443617              398
  0.42920763783106125        158.21550337639260              398
  0.42854976568560427        162.55823934439130              398
  0.42894788979689596        166.91016418961755              398
  0.43038878568997757        171.26865647456060              398
  0.43379733946965687        175.63109080626035              398
  0.43907562180340809        179.99483941724222              398
  0.44619268990271260        184.35727374894196              398
  0.45497952508501144        188.71576603388496              398
  0.46434516300457956        193.06769087911121              398
  0.47347909987504760        197.41042684710993              398
  0.48149951828983306        201.74135803906640              398
  0.48776116137197550        206.05787566050509              398
  0.49182684316211295        210.35737960400306              398
  0.49407425344361039        214.63728000949834              398
  0.49528347496038139        218.89499882370990              398
  0.49637125584382263        223.12797135777927              398
  0.49734319496310880        227.33364782535241              398
  0.49884274123760947        231.50949488777476              398
  0.50218820241049555        235.65299716727918              398
  0.50811723526989117        239.76165877262147              398
  0.51535803609122166        243.83300480337795              398
  0.52248821710106885        247.86458283112745              398
  0.52803951810537852        251.85396438241153              398
  0.53268800689195162        255.79874640391316              398
  0.53685682893695652        259.69655270807613              398
  0.54096148326979943        263.54503540094350              398
  0.54570399773916356        267.34187629932643              398
  0.55154057474822782        271.08478833019257              398
  0.55823919286238022        274.77151690160383              398
  0.56580711230495073        278.39984126832019              398
  0.57382106434900926        281.96757586184032              398
  0.58147558189515192        285.47257161155215              398
  0.58809311347711490        288.91271723921142              398
  0.59355683390634284        292.28594053208190              398
  0.59741515639718701        295.59020958407075              398
  0.59965220977394007        298.82353402797156              398
  0.60154369904415705        301.98396623036808              398
  0.60213087421567479        305.06960246519941              398
  0.60109120034704866        308.07858405887544              398
  0.59757576560632841        311.00909851583350              398
  0.59063022118100716        313.85938060141854              398
  0.57990173062053141        316.62771341409604              398
  0.56550686492594515        319.31242941321022              398
  0.54818635391487913        321.91191142718418              398
  0.52962478893769271        324.42459362260024              398
  0.51091149615486020        326.84896245549947              398
  0.49127208276938383        329.18355757467111              398
  0.46916436027085939        331.42697271071819              398
  0.44466987682001663        333.57785651355584              398
  0.41699815797091999        335.63491336857322              398
  0.38629944651578518        337.59690418434485              398
  0.35265414790145028        339.46264712877627              398
  0.31640862865817077        341.23101835102455              398
  0.27875130317656432        342.90095264651910              398
  0.24092686778694883        344.47144411309120              398
  0.20426597916409431        345.94154674309141              398
  0.16940106428550208        347.31037500128144              398
  0.13699524026574969        348.57710435827340              398
  0.10745821126086655        349.74097178307125              398
   8.1157309581740084E-002   350.80127620716320              398
   5.8540672882683956E-002   351.75737893882547              398
   3.9893415558125270E-002   352.60870406142334              398
   2.5324698821536824E-002   353.35473876592181              398
   1.4673462765505244E-002   353.99503366917043              398
   7.5239288286865352E-003   354.52920308417902              398
   3.2435600878386321E-003   354.95692524416222              398
   1.0689267699168043E-003   355.27794250524607              398
   2.1794063361892370E-004   355.49206150116549              398
   1.4071760286159392E-005   355.59915325350795              398
   0.0000000000000000        2.6776969994606707E-002         400
   1.5214937971626947E-005  0.13386872233708616              400
   2.3396820028032282E-004  0.34798771825646424              400
   1.1426042659897315E-003  0.66900497934031666              400
   3.4493212396030323E-003   1.0967271393235236              400
   7.9502025040561301E-003   1.6308965543321203              400
   1.5389804804218503E-002   2.2711914575807075              400
   2.6347743522586353E-002   3.0172261620792096              400
   4.1172860662928572E-002   3.8685512846771100              400
   5.9950358913375509E-002   4.8246540163393377              400
   8.2578104248729411E-002   5.8849584404312685              400
  0.10874874444287673        7.0488258652291673              400
  0.13817818987450409        8.3155552222210929              400
  0.17061389535072047        9.6843834804111388              400
  0.20575939196979051        11.154486110411325              400
  0.24379505640212668        12.724977576983441              400
  0.28426079969309453        14.394911872477982              400
  0.32631077327486069        16.163283094726275              400
  0.36890873925203638        18.029026039157635              400
  0.41135881885907860        19.991016854929281              400
  0.45197572882578912        22.048073709946674              400
  0.48932604197215107        24.198957512784339              400
  0.52216588986367252        26.442372648831405              400
  0.55097355877013476        28.776967768003111              400
  0.57615176667786427        31.201336600902270              400
  0.59799256865229555        33.714018796318328              400
  0.61769580466566698        36.313500810292304              400
  0.63476007715899074        38.998216809406507              400
  0.64893411806704393        41.766549622083957              400
  0.66014445941339250        44.616831707669043              400
  0.66934767290916930        47.547346164627093              400
  0.67660573799796964        50.556327758303169              400
  0.68074406904224527        53.641963993134432              400
  0.68060282382904524        56.802396195530932              400
  0.67576291008467571        60.035720639431801              400
  0.66882072798375636        63.339989691420634              400
  0.66197259846130230        66.713212984291175              400
  0.65543302971299744        70.153358611950395              400
  0.64892679161842459        73.658354361662234              400
  0.64196512869468159        77.226088955182334              400
  0.63373991542833641        80.854413321898662              400
  0.62503232624832328        84.541141893309955              400
  0.61518898770859487        88.284053924176106              400
  0.60336949034988019        92.080894822559046              400
  0.58939359591413598        95.929377515426410              400
  0.57647871623600933        99.827183819589422              400
  0.56554623011365135        103.77196584109100              400
  0.55592750508570110        107.76134739237507              400
  0.54542152137792965        111.79292542012458              400
  0.53379592432070411        115.86427145088106              400
  0.52130594981670408        119.97293305622335              400
  0.50848018541251705        124.11643533572777              400
  0.49679672460611857        128.29228239815012              400
  0.48528724716903809        132.49795886572326              400
  0.47367955415332935        136.73093139979264              400
  0.46248822021881841        140.98865021400420              400
  0.45315445442481223        145.26855061949948              400
  0.44577097709768893        149.56805456299745              400
  0.43951520115917525        153.88457218443617              400
  0.43385379777174871        158.21550337639260              400
  0.42941080369456675        162.55823934439130              400
  0.42687228430471391        166.91016418961755              400
  0.42681404489335051        171.26865647456060              400
  0.42907009015574127        175.63109080626035              400
  0.43262520784671293        179.99483941724222              400
  0.43764995068826928        184.35727374894196              400
  0.44451921494097979        188.71576603388496              400
  0.45252677469986613        193.06769087911121              400
  0.46070286257477550        197.41042684710993              400
  0.46740609262162380        201.74135803906640              400
  0.47116584484266777        206.05787566050509              400
  0.47235287583573837        210.35737960400306              400
  0.47215348676646973        214.63728000949834              400
  0.47144874324351527        218.89499882370990              400
  0.47156745677228168        223.12797135777927              400
  0.47277777727857956        227.33364782535241              400
  0.47582811144073750        231.50949488777476              400
  0.48051103708786408        235.65299716727918              400
  0.48645082555836677        239.76165877262147              400
  0.49335736679816222        243.83300480337795              400
  0.50062160556751290        247.86458283112745              400
  0.50861843660329709        251.85396438241153              400
  0.51844176507144790        255.79874640391316              400
  0.52944083897246708        259.69655270807613              400
  0.54146203329529985        263.54503540094350              400
  0.55313252579308003        267.34187629932643              400
  0.56409933848569793        271.08478833019257              400
  0.57410903885036035        274.77151690160383              400
  0.58365824234351582        278.39984126832019              400
  0.59298868115081849        281.96757586184032              400
  0.60252157613240798        285.47257161155215              400
  0.60994437810731750        288.91271723921142              400
  0.61477218075360984        292.28594053208190              400
  0.61767950030463237        295.59020958407075              400
  0.62060019694043100        298.82353402797156              400
  0.62300380813731449        301.98396623036808              400
  0.62397783336508938        305.06960246519941              400
  0.62221130378339662        308.07858405887544              400
  0.61696502496291639        311.00909851583350              400
  0.60829676372547148        313.85938060141854              400
  0.59804748272223429        316.62771341409604              400
  0.58715196850542739        319.31242941321022              400
  0.57437923841884120        321.91191142718418              400
  0.55847480775771863        324.42459362260024              400
  0.54014998408293657        326.84896245549947              400
  0.51961745211213062        329.18355757467111              400
  0.49537578034409352        331.42697271071819              400
  0.46773571717904489        333.57785651355584              400
  0.43661337876690304        335.63491336857322              400
  0.40226913430854383        337.59690418434485              400
  0.36571834323725411        339.46264712877627              400
  0.32720624522187131        341.23101835102455              400
  0.28778760067411047        342.90095264651910              400
  0.24879676278244980        344.47144411309120              400
  0.21068272711443498        345.94154674309141              400
  0.17445585319113732        347.31037500128144              400
  0.14085250612157083        348.57710435827340              400
  0.11029173341527018        349.74097178307125              400
   8.3224379940225870E-002   350.80127620716320              400
   6.0044420896994799E-002   351.75737893882547              400
   4.0996172698022096E-002   352.60870406142334              400
   2.6101262576003620E-002   353.35473876592181              400
   1.5179335904156894E-002   353.99503366917043              400
   7.8123829511623664E-003   354.52920308417902              400
   3.3797149374351029E-003   354.95692524416222              400
   1.1170343752954226E-003   355.27794250524607              400
   2.2832074817795122E-004   355.49206150116549              400
   1.4794970464538733E-005   355.59915325350795              400
