   6.5673594690737773E-003   2.6121654835081748E-002         100
   3.2785293984046851E-002  0.13059254123252506              100
   8.5141718047689011E-002  0.33947138399056742              100
  0.16349970347386958       0.65263236119690116              100
  0.26764019484993468        1.0698868388561482              100
  0.39720109415555566        1.5909834784357020              100
  0.55138740710190914        2.2156083877772166              100
  0.72851938125402327        2.9433853188425010              100
  0.92496818571234518        3.7738758862747042              100
   1.1345660717193875        4.7065798310597140              100
   1.3473227164473460        5.7409353310217384              100
   1.5502314428231911        6.8763193251961967              100
   1.7303924625951255        8.1120479023829652              100
   1.8772217363004913        9.4473767053113153              100
   1.9877560258279254        10.881501383374047              100
   2.0600033698338485        12.413558073115306              100
   2.0931052408076276        14.042623918614622              100
   2.0917598984173345        15.767717635236234              100
   2.0599870856358549        17.587800087255317              100
   2.0101247327511560        19.501774927930342              100
   1.9512713221706608        21.508489248248360              100
   1.8858978115269769        23.606734281178149              100
   1.8177517254659483        25.795246119800026              100
   1.7460911510496677        28.072706485739594              100
   1.6668940310183391        30.437743525355245              100
   1.5843196320462785        32.888932626741017              100
   1.5045298787041725        35.424797287033357              100
   1.4294929424048293        38.043809993594550              100
   1.3620489557979194        40.744393152030931              100
   1.3025698061460522        43.524920031557137              100
   1.2538902010613360        46.383715748521880              100
   1.2153980011378187        49.319058269014370              100
   1.1805909281637703        52.329179454836293              100
   1.1499314298643037        55.412266119881174              100
   1.1265611021884494        58.566461128144716              100
   1.1160631825484468        61.789864510815704              100
   1.1186435821067973        65.080534611120925              100
   1.1233652861611345        68.436489249985186              100
   1.1206012215115015        71.855706928118394              100
   1.1144622097903027        75.336128036775719              100
   1.1032228485411004        78.875656099740638              100
   1.0878305336557514        82.472159036123543              100
   1.0642548522277142        86.123470449179337              100
   1.0341110324474057        89.827390923798291              100
   1.0101253796686114        93.581689358688990              100
  0.99214828913878783        97.384104303765270              100
  0.97735510361761635        101.23234532528696              100
  0.96329468034669197        105.12409438834655              100
  0.94732667268022175        109.05700724976377              100
  0.92526690332047823        113.02871486832635              100
  0.89575921194850783        117.03682483411117              100
  0.86836621707572514        121.07892281515193              100
  0.84978472079542910        125.15257400237203              100
  0.83300896174207262        129.25532457706734              100
  0.80912059303093820        133.38470319920467              100
  0.77888060183886365        137.53822248357736              100
  0.74861038326906670        141.71338050718467              100
  0.72390818591194417        145.90766230967193              100
  0.70348096665431881        150.11854141285204              100
  0.68905023295501722        154.34348134196136              100
  0.67666359428192702        158.57993714778272              100
  0.65977014271842971        162.82535695062498              100
  0.64477024831956065        167.07718346764992              100
  0.63963213120469486        171.33285555737191              100
  0.64243977485551629        175.58980976190273              100
  0.65111582950023261        179.84548185162470              100
  0.66245949859186837        184.09730836864958              100
  0.67786955820998340        188.34272817149184              100
  0.69555562524778991        192.57918397731322              100
  0.71046935678819445        196.80412390642257              100
  0.72028573724710843        201.01500300960265              100
  0.72575407592901120        205.20928481208992              100
  0.73014683096839939        209.38444283569723              100
  0.73662491084160331        213.53796212006992              100
  0.74783298777777873        217.66734074220722              100
  0.76475141850600858        221.77009131690255              100
  0.78523340607875192        225.84374250412264              100
  0.80679457815429712        229.88584048516341              100
  0.82565719491052558        233.89395045094824              100
  0.83781834867693272        237.86565806951083              100
  0.84614279759168209        241.79857093092804              100
  0.85541409736062068        245.69031999398763              100
  0.86739868961159394        249.53856101550934              100
  0.89286167802226446        253.34097596058561              100
  0.92965729487341375        257.09527439547634              100
  0.96687389500966892        260.79919487009522              100
   1.0119166367903831        264.45050628315101              100
   1.0747676032595077        268.04700921953395              100
   1.1416250227670410        271.58653728249891              100
   1.1992268196288747        275.06695839115622              100
   1.2455069184088079        278.48617606928934              100
   1.2873634135213958        281.84213070815366              100
   1.3243224011308317        285.13280080845885              100
   1.3541492189461963        288.35620419112985              100
   1.3911187329266639        291.51039919939342              100
   1.4506860021134271        294.59348586443832              100
   1.5272083235144871        297.60360705026017              100
   1.6124474272856395        300.53894957075272              100
   1.7021013931385269        303.39774528771744              100
   1.7956935102575917        306.17827216724362              100
   1.8925558208143587        308.87885532568004              100
   1.9913953746215793        311.49786803224123              100
   2.0908497975115354        314.03373269253359              100
   2.1936657438449867        316.48492179391934              100
   2.2994063083681118        318.84995883353497              100
   2.4076076394236883        321.12741919947450              100
   2.5189911413861914        323.31593103809644              100
   2.6268975034274251        325.41417607102619              100
   2.7243611973586792        327.42089039134424              100
   2.8022654320566800        329.33486523201924              100
   2.8508004817173846        331.15494768403835              100
   2.8588337402574187        332.88004140065993              100
   2.8191725483705317        334.50910724615932              100
   2.7216634340447792        336.04116393590050              100
   2.5623808006764843        337.47528861396330              100
   2.3469498530138009        338.81061741689160              100
   2.0888577488761038        340.04634599407842              100
   1.8052322414773978        341.18172998825281              100
   1.5142538440273314        342.21608548821490              100
   1.2316289407115464        343.14878943299988              100
  0.96860429248594915        343.97928000043208              100
  0.73259669052575538        344.70705693149739              100
  0.52767102981170899        345.33168184083888              100
  0.35566140484194364        345.85277848041846              100
  0.21738128799133621        346.27003295807765              100
  0.11326263611674410        346.58319393528399              100
   4.3631162622356660E-002   346.79207277804210              100
   8.7434260618600209E-003   346.89654366443949              100
