 -0.99984940935000000        6.9731089214183757E-005
 -0.99924713745000004        3.4052319434176042E-004
 -0.99804295643999996        8.6212269829212757E-004
 -0.99623759168000003        1.5981916266670172E-003
 -0.99383213063999998        2.4992416282709692E-003
 -0.99082802228000000        3.5103013395517890E-003
 -0.98722707618000005        4.5775532838051563E-003
 -0.98303146139999997        5.6509524393563576E-003
 -0.97824370522000004        6.6905734710333295E-003
 -0.97286669161999995        7.6751904201535119E-003
 -0.96690365949000001        8.5980860746150273E-003
 -0.96035820076000000        9.4629716522636343E-003
 -0.95323425815999996        1.0268279247774976E-002
 -0.94553612289000000        1.1023606001709089E-002
 -0.93726843200999999        1.1753299700638075E-002
 -0.92843616566999998        1.2471181993435913E-002
 -0.91904464410999998        1.3200813649319106E-002
 -0.90909952440999997        1.3945961864539532E-002
 -0.89860679716000003        1.4712586704936607E-002
 -0.88757278276999996        1.5412529613918639E-002
 -0.87600412773000003        1.6018014031349337E-002
 -0.86390780055000005        1.6515465398411745E-002
 -0.85129108762000005        1.6873247344271012E-002
 -0.83816158878000002        1.7025091556102528E-002
 -0.82452721272999996        1.6993844338795919E-002
 -0.81039617232000005        1.6850142735498685E-002
 -0.79577697955000004        1.6628111279529765E-002
 -0.78067844049000001        1.6383053968782091E-002
 -0.76510964992999997        1.6243053276048570E-002
 -0.74907998593000003        1.6180242631305273E-002
 -0.73259910414999996        1.6077427331458755E-002
 -0.71567693207000005        1.5935920541079205E-002
 -0.69832366296000004        1.5783635841178822E-002
 -0.68054974979000005        1.5684245436673048E-002
 -0.66236589889999997        1.5603366657269453E-002
 -0.64378306356000004        1.5429583008140558E-002
 -0.62481243737000003        1.5169968878361220E-002
 -0.60546544753999998        1.4944565078573259E-002
 -0.58575374796000002        1.4834137061322066E-002
 -0.56568921222000002        1.4805894413944056E-002
 -0.54528392645000001        1.4842762278407159E-002
 -0.52455018204000003        1.4825630844045343E-002
 -0.50350046821000005        1.4653476414519922E-002
 -0.48214746453000001        1.4422352950950830E-002
 -0.46050403324000000        1.4031527715920929E-002
 -0.43858321154000002        1.3489641560969511E-002
 -0.41639820372000003        1.3026137050783069E-002
 -0.39396237318999999        1.2690248550823440E-002
 -0.37128923445000001        1.2413803523051556E-002
 -0.34839244495999999        1.2073189936244913E-002
 -0.32528579689999998        1.1661891485419126E-002
 -0.30198320883000002        1.1258055270754620E-002
 -0.27849871735999998        1.0879929935743016E-002
 -0.25484646868999999        1.0512903725317289E-002
 -0.23104071003000001        1.0168628425759380E-002
 -0.20709578108999999        9.8711391533002468E-003
 -0.18302610539000000        9.5973146551681342E-003
 -0.15884618161000000        9.3705418102279919E-003
 -0.13457057483000001        9.1748619141006349E-003
 -0.11021390775999999        9.0179389605478128E-003
  -8.5790851964999998E-002   8.9372893348321786E-003
  -6.1316118964000001E-002   8.8711808490438502E-003
  -3.6804451425000002E-002   8.7940645025849414E-003
  -1.2270614261000000E-002   8.7706719603408440E-003
   1.2270614261000000E-002   8.7815367010298379E-003
   3.6804451425000002E-002   8.7272490073233410E-003
   6.1316118964000001E-002   8.6008864611497628E-003
   8.5790851964999998E-002   8.4752155770072453E-003
  0.11021390775999999        8.4335038741196605E-003
  0.13457057483000001        8.5327036451161940E-003
  0.15884618161000000        8.7759959929250720E-003
  0.18302610539000000        9.0644636559807559E-003
  0.20709578108999999        9.3206226950845773E-003
  0.23104071003000001        9.5207699805039334E-003
  0.25484646868999999        9.7441300135606510E-003
  0.27849871735999998        1.0060009562364096E-002
  0.30198320883000002        1.0442455021789695E-002
  0.32528579689999998        1.0855836736145852E-002
  0.34839244495999999        1.1205201296361806E-002
  0.37128923445000001        1.1499435721572851E-002
  0.39396237318999999        1.1877626000799446E-002
  0.41639820372000003        1.2422112494792406E-002
  0.43858321154000002        1.2980144541600973E-002
  0.46050403324000000        1.3451176293497655E-002
  0.48214746453000001        1.3868768748111196E-002
  0.50350046821000005        1.4233475232246308E-002
  0.52455018204000003        1.4514902981288172E-002
  0.54528392645000001        1.4706049830841023E-002
  0.56568921222000002        1.4865716136655808E-002
  0.58575374796000002        1.5094484305785000E-002
  0.60546544753999998        1.5373348566091074E-002
  0.62481243737000003        1.5645736409051463E-002
  0.64378306356000004        1.5829994576849145E-002
  0.66236589889999997        1.5994263656881880E-002
  0.68054974979000005        1.6203557590735680E-002
  0.69832366296000004        1.6353403916044330E-002
  0.71567693207000005        1.6388047730293408E-002
  0.73259910414999996        1.6351207615453656E-002
  0.74907998593000003        1.6367991701069399E-002
  0.76510964992999997        1.6476428842818684E-002
  0.78067844049000001        1.6662272855853654E-002
  0.79577697955000004        1.6958149857005066E-002
  0.81039617232000005        1.7207434121280653E-002
  0.82452721272999996        1.7327714543356368E-002
  0.83816158878000002        1.7255140890770914E-002
  0.85129108762000005        1.6929525993279539E-002
  0.86390780055000005        1.6422759068497429E-002
  0.87600412773000003        1.5807424483174976E-002
  0.88757278276999996        1.5161775024484380E-002
  0.89860679716000003        1.4592235280932347E-002
  0.90909952440999997        1.4069432447944077E-002
  0.91904464410999998        1.3538107944136605E-002
  0.92843616566999998        1.2955985854301879E-002
  0.93726843200999999        1.2236784355257031E-002
  0.94553612289000000        1.1390971236545934E-002
  0.95323425815999996        1.0465060193916249E-002
  0.96035820076000000        9.5122465607347662E-003
  0.96690365949000001        8.5483328973140552E-003
  0.97286669161999995        7.5683094458682491E-003
  0.97824370522000004        6.5629543754973999E-003
  0.98303146139999997        5.5267047271090079E-003
  0.98722707618000005        4.4709860447122050E-003
  0.99082802228000000        3.4274057618109096E-003
  0.99383213063999998        2.4405838887890212E-003
  0.99623759168000003        1.5614306266127681E-003
  0.99804295643999996        8.4277544169274090E-004
  0.99924713745000004        3.3305621653801796E-004
  0.99984940935000000        6.8213074206532269E-005
