   9.4979919603885299E-004 -0.99984940935000000     
   4.7512998994137011E-003 -0.99924713745000004     
   1.2372365827367197E-002 -0.99804295643999996     
   2.3864818961211866E-002 -0.99623759168000003     
   3.9274676941325422E-002 -0.99383213063999998     
   5.8643426724208123E-002 -0.99082802228000000     
   8.2026183725330729E-002 -0.98722707618000005     
  0.10953918569489325      -0.98303146139999997     
  0.14141475815637455      -0.97824370522000004     
  0.17804274330797265      -0.97286669161999995     
  0.21999952510566359      -0.96690365949000001     
  0.26802907564905759      -0.96035820076000000     
  0.32277041395089512      -0.95323425815999996     
  0.38382188288326191      -0.94553612289000000     
  0.44811121843674900      -0.93726843200999999     
  0.50924338613273523      -0.92843616566999998     
  0.56045426774893192      -0.91904464410999998     
  0.59941148543838008      -0.90909952440999997     
  0.62857333528719539      -0.89860679716000003     
  0.65087172325852582      -0.88757278276999996     
  0.66714408888869792      -0.87600412773000003     
  0.67724518062203864      -0.86390780055000005     
  0.68140881940080189      -0.85129108762000005     
  0.68025772015546027      -0.83816158878000002     
  0.67449002045880058      -0.82452721272999996     
  0.66451891676414077      -0.81039617232000005     
  0.65052529488567323      -0.79577697955000004     
  0.63396222642356759      -0.78067844049000001     
  0.61882726146187794      -0.76510964992999997     
  0.60971100420201341      -0.74907998593000003     
  0.60897979304953664      -0.73259910414999996     
  0.61731384815380530      -0.71567693207000005     
  0.63425834525313907      -0.69832366296000004     
  0.65684531622163356      -0.68054974979000005     
  0.67945426353176497      -0.66236589889999997     
  0.69559452203396943      -0.64378306356000004     
  0.70156488186949373      -0.62481243737000003     
  0.69841935324788440      -0.60546544753999998     
  0.68969402363257193      -0.58575374796000002     
  0.67901293080677505      -0.56568921222000002     
  0.66918923537284236      -0.54528392645000001     
  0.66176234023172842      -0.52455018204000003     
  0.65673041432442902      -0.50350046821000005     
  0.65349360048435412      -0.48214746453000001     
  0.65344545926302899      -0.46050403324000000     
  0.66052800544554635      -0.43858321154000002     
  0.67598039908283758      -0.41639820372000003     
  0.69543978480658841      -0.39396237318999999     
  0.71423049476586242      -0.37128923445000001     
  0.72920390761581899      -0.34839244495999999     
  0.73895536765717107      -0.32528579689999998     
  0.74479718980180387      -0.30198320883000002     
  0.74846067332741606      -0.27849871735999998     
  0.75305989158539177      -0.25484646868999999     
  0.76040002354172664      -0.23104071003000001     
  0.76526781303391100      -0.20709578108999999     
  0.76395459264075327      -0.18302610539000000     
  0.76530735745917311      -0.15884618161000000     
  0.77358445832985068      -0.13457057483000001     
  0.78035814218315069      -0.11021390775999999     
  0.77954958314191580       -8.5790851964999998E-002
  0.77281775263624242       -6.1316118964000001E-002
  0.76478559783684019       -3.6804451425000002E-002
  0.75844558080126812       -1.2270614261000000E-002
  0.75316871002453789        1.2270614261000000E-002
  0.74868925131722297        3.6804451425000002E-002
  0.74464519615929481        6.1316118964000001E-002
  0.73815286256477164        8.5790851964999998E-002
  0.72696980135643641       0.11021390775999999     
  0.71220871971826838       0.13457057483000001     
  0.69719050443494057       0.15884618161000000     
  0.68479980715125288       0.18302610539000000     
  0.67583448449663686       0.20709578108999999     
  0.66903218856786584       0.23104071003000001     
  0.66237940135681428       0.25484646868999999     
  0.65497339742043648       0.27849871735999998     
  0.64772370272088164       0.30198320883000002     
  0.64202198333788951       0.32528579689999998     
  0.63825398343973916       0.34839244495999999     
  0.63626589889693508       0.37128923445000001     
  0.63585863162118894       0.39396237318999999     
  0.63575726712890734       0.41639820372000003     
  0.63397450061140026       0.43858321154000002     
  0.63041533313563869       0.46050403324000000     
  0.62629223168305503       0.48214746453000001     
  0.62297438515552406       0.50350046821000005     
  0.62184104952000241       0.52455018204000003     
  0.62291014568345393       0.54528392645000001     
  0.62516062129487271       0.56568921222000002     
  0.62817841371376104       0.58575374796000002     
  0.63186656951870057       0.60546544753999998     
  0.63590686539532015       0.62481243737000003     
  0.63960277495768170       0.64378306356000004     
  0.64191425175675909       0.66236589889999997     
  0.64132026240714202       0.68054974979000005     
  0.63572719369599129       0.69832366296000004     
  0.62376188881706174       0.71567693207000005     
  0.60679664679854128       0.73259910414999996     
  0.58851994883808689       0.74907998593000003     
  0.57235900957657904       0.76510964992999997     
  0.56009397656643056       0.78067844049000001     
  0.55209153239360420       0.79577697955000004     
  0.54775124637002148       0.81039617232000005     
  0.54592016393016352       0.82452721272999996     
  0.54581046967255265       0.83816158878000002     
  0.54749572419884063       0.85129108762000005     
  0.55112147519763444       0.86390780055000005     
  0.55610840175973497       0.87600412773000003     
  0.56127128305770069       0.88757278276999996     
  0.56483877767886326       0.89860679716000003     
  0.56373595396302922       0.90909952440999997     
  0.55382949169423690       0.91904464410999998     
  0.53239189895563122       0.92843616566999998     
  0.50006705051719258       0.93726843200999999     
  0.45956054735799268       0.94553612289000000     
  0.41287360329940331       0.95323425815999996     
  0.36066296982568624       0.96035820076000000     
  0.30413089168779367       0.96690365949000001     
  0.24644056634376293       0.97286669161999995     
  0.19181206314781651       0.97824370522000004     
  0.14361700601555127       0.98303146139999997     
  0.10340615587160658       0.98722707618000005     
   7.1183318929697814E-002  0.99082802228000000     
   4.6157526272807885E-002  0.99383213063999998     
   2.7354192712885497E-002  0.99623759168000003     
   1.3932606694367846E-002  0.99804295643999996     
   5.2889030181692666E-003  0.99924713745000004     
   1.0518301773337351E-003  0.99984940935000000     
