   0.0000000000000000      -0.99984940935000000     
  -4.5327396403594338E-008 -0.99924713745000004     
  -6.2890626866724036E-007 -0.99804295643999996     
  -2.8305758330031043E-006 -0.99623759168000003     
  -7.4915693468791829E-006 -0.99383213063999998     
  -1.4135988169893410E-005 -0.99082802228000000     
  -2.0095310017896703E-005 -0.98722707618000005     
  -1.9755902981391492E-005 -0.98303146139999997     
  -3.0639793605239359E-006 -0.97824370522000004     
   4.7655384428413280E-005 -0.97286669161999995     
   1.6197499027294115E-004 -0.96690365949000001     
   3.8328300162427509E-004 -0.96035820076000000     
   7.6158702184815651E-004 -0.95323425815999996     
   1.3289708891165862E-003 -0.94553612289000000     
   2.0561232891406767E-003 -0.93726843200999999     
   2.8089120805002308E-003 -0.92843616566999998     
   3.3446217669942093E-003 -0.91904464410999998     
   3.3743473503635270E-003 -0.90909952440999997     
   2.6762663691882920E-003 -0.89860679716000003     
   1.2394794921740224E-003 -0.88757278276999996     
  -5.4482092487155435E-004 -0.87600412773000003     
  -1.6704204966527959E-003 -0.86390780055000005     
  -5.6181143949949079E-004 -0.85129108762000005     
   3.9057991035853301E-003 -0.83816158878000002     
   9.7842217363267123E-003 -0.82452721272999996     
   1.1360557155981839E-002 -0.81039617232000005     
   7.4916081377544427E-003 -0.79577697955000004     
   1.2780351856307697E-003 -0.78067844049000001     
  -5.5204640388073177E-003 -0.76510964992999997     
  -1.2578902843060966E-002 -0.74907998593000003     
  -1.9865124249856692E-002 -0.73259910414999996     
  -2.7397734044798571E-002 -0.71567693207000005     
  -3.4692626851976285E-002 -0.69832366296000004     
  -4.0596494528902155E-002 -0.68054974979000005     
  -4.4057815384451811E-002 -0.66236589889999997     
  -4.4732240685402942E-002 -0.64378306356000004     
  -4.2952819057316696E-002 -0.62481243737000003     
  -3.9538700895538757E-002 -0.60546544753999998     
  -3.5610431721457815E-002 -0.58575374796000002     
  -3.2031904566829493E-002 -0.56568921222000002     
  -2.8865762149361790E-002 -0.54528392645000001     
  -2.6138345009437871E-002 -0.52455018204000003     
  -2.4226999218021756E-002 -0.50350046821000005     
  -2.3421492298132767E-002 -0.48214746453000001     
  -2.3841646458926662E-002 -0.46050403324000000     
  -2.5440147314605439E-002 -0.43858321154000002     
  -2.7870833551897220E-002 -0.41639820372000003     
  -3.0470530237966545E-002 -0.39396237318999999     
  -3.2531600880766960E-002 -0.37128923445000001     
  -3.3601088145853934E-002 -0.34839244495999999     
  -3.3477243572419456E-002 -0.32528579689999998     
  -3.2029111017113754E-002 -0.30198320883000002     
  -2.9240755079280648E-002 -0.27849871735999998     
  -2.5443583797382010E-002 -0.25484646868999999     
  -2.1319972035763520E-002 -0.23104071003000001     
  -1.7568307424171210E-002 -0.20709578108999999     
  -1.4518983690261620E-002 -0.18302610539000000     
  -1.2033234244166238E-002 -0.15884618161000000     
  -9.6776664841799684E-003 -0.13457057483000001     
  -7.0030780431416754E-003 -0.11021390775999999     
  -3.7637415522198477E-003  -8.5790851964999998E-002
  -9.1333224895278633E-006  -6.1316118964000001E-002
   3.8876134764366504E-003  -3.6804451425000002E-002
   7.2382215517303693E-003  -1.2270614261000000E-002
   9.3198003307854698E-003   1.2270614261000000E-002
   9.8606492535240793E-003   3.6804451425000002E-002
   9.1131018615263765E-003   6.1316118964000001E-002
   7.5317745056370459E-003   8.5790851964999998E-002
   5.3990517396431369E-003  0.11021390775999999     
   2.7147056998078792E-003  0.13457057483000001     
  -3.9830129667469083E-004  0.15884618161000000     
  -3.3669233663899691E-003  0.18302610539000000     
  -5.5407843191607681E-003  0.20709578108999999     
  -6.5383824222861823E-003  0.23104071003000001     
  -6.2570466675580050E-003  0.25484646868999999     
  -4.8520607391146966E-003  0.27849871735999998     
  -2.5700752344654260E-003  0.30198320883000002     
   4.6184477483852260E-004  0.32528579689999998     
   4.2407769953334128E-003  0.34839244495999999     
   8.7625392728583745E-003  0.37128923445000001     
   1.3843608858184234E-002  0.39396237318999999     
   1.8837982750139103E-002  0.41639820372000003     
   2.2392155302472801E-002  0.43858321154000002     
   2.3157074217173342E-002  0.46050403324000000     
   2.1125150361546510E-002  0.48214746453000001     
   1.7329661216265592E-002  0.50350046821000005     
   1.2519791500914387E-002  0.52455018204000003     
   6.8949835038455238E-003  0.54528392645000001     
   8.8185434826098272E-004  0.56568921222000002     
  -5.0283698975412891E-003  0.58575374796000002     
  -1.1201397117680112E-002  0.60546544753999998     
  -1.7918732986547583E-002  0.62481243737000003     
  -2.3044863709608721E-002  0.64378306356000004     
  -2.3139208097661054E-002  0.66236589889999997     
  -1.7277887551390182E-002  0.68054974979000005     
  -6.4455529127565043E-003  0.69832366296000004     
   5.6812241791413384E-003  0.71567693207000005     
   1.3527302288400683E-002  0.73259910414999996     
   1.4643530999464239E-002  0.74907998593000003     
   9.8952358531450013E-003  0.76510964992999997     
   1.5508558541906393E-003  0.78067844049000001     
  -7.8361000301533350E-003  0.79577697955000004     
  -1.5824701953765619E-002  0.81039617232000005     
  -2.0594717257562345E-002  0.82452721272999996     
  -2.1607557977316009E-002  0.83816158878000002     
  -1.9695396336007032E-002  0.85129108762000005     
  -1.6302518616900494E-002  0.86390780055000005     
  -1.2622309952015328E-002  0.87600412773000003     
  -9.3013868916341780E-003  0.88757278276999996     
  -6.5698324593196841E-003  0.89860679716000003     
  -4.4430323735046590E-003  0.90909952440999997     
  -2.8521052472897947E-003  0.91904464410999998     
  -1.7049377186255088E-003  0.92843616566999998     
  -9.1043692937335143E-004  0.93726843200999999     
  -3.8761195490127952E-004  0.94553612289000000     
  -6.8200656364038754E-005  0.95323425815999996     
   1.0397609032764231E-004  0.96035820076000000     
   1.7484631540458007E-004  0.96690365949000001     
   1.8158992649532717E-004  0.97286669161999995     
   1.5337560020984943E-004  0.97824370522000004     
   1.1172020689659118E-004  0.98303146139999997     
   7.0935122323131778E-005  0.98722707618000005     
   3.8843333762306835E-005  0.99082802228000000     
   1.7863777452089165E-005  0.99383213063999998     
   6.5992982627176515E-006  0.99623759168000003     
   1.8310441501786382E-006  0.99804295643999996     
   3.5487197908677522E-007  0.99924713745000004     
   3.5995422087908515E-008  0.99984940935000000     
