  -5.4502379480975747E-006 -0.99984940935000000     
  -2.9459220090894020E-005 -0.99924713745000004     
  -1.0475046765224008E-004 -0.99804295643999996     
  -2.8007515206791172E-004 -0.99623759168000003     
  -6.0675418553178897E-004 -0.99383213063999998     
  -1.1254085647840737E-003 -0.99082802228000000     
  -1.8567704710630386E-003 -0.98722707618000005     
  -2.8038903714952285E-003 -0.98303146139999997     
  -3.9658098350554135E-003 -0.97824370522000004     
  -5.3558239249873307E-003 -0.97286669161999995     
  -7.0106109078294588E-003 -0.96690365949000001     
  -8.9691519937609571E-003 -0.96035820076000000     
  -1.1199651923200578E-002 -0.95323425815999996     
  -1.3476955304155908E-002 -0.94553612289000000     
  -1.5274660558734920E-002 -0.93726843200999999     
  -1.5792521025630949E-002 -0.92843616566999998     
  -1.4186308450475662E-002 -0.91904464410999998     
  -9.8927208653755271E-003 -0.90909952440999997     
  -2.8507967653308586E-003 -0.89860679716000003     
   6.4746194373075175E-003 -0.88757278276999996     
   1.7281888038731839E-002 -0.87600412773000003     
   2.8861114907025892E-002 -0.86390780055000005     
   4.1063720654958828E-002 -0.85129108762000005     
   5.3873077076028252E-002 -0.83816158878000002     
   6.4487548193900873E-002 -0.82452721272999996     
   6.6106792488298996E-002 -0.81039617232000005     
   5.4630184331639006E-002 -0.79577697955000004     
   3.2230302367504883E-002 -0.78067844049000001     
   8.2422129969591060E-003 -0.76510964992999997     
  -9.4003952661176442E-003 -0.74907998593000003     
  -1.9981078581018594E-002 -0.73259910414999996     
  -2.4809977302728284E-002 -0.71567693207000005     
  -2.4787712739675113E-002 -0.69832366296000004     
  -2.1590792064485373E-002 -0.68054974979000005     
  -1.7388378774991615E-002 -0.66236589889999997     
  -1.3739702005032496E-002 -0.64378306356000004     
  -1.1190811856210943E-002 -0.62481243737000003     
  -9.2623304609355753E-003 -0.60546544753999998     
  -6.5767992360627201E-003 -0.58575374796000002     
  -1.7309659839512075E-003 -0.56568921222000002     
   5.9145249957007675E-003 -0.54528392645000001     
   1.6399035711689564E-002 -0.52455018204000003     
   2.7950508108072439E-002 -0.50350046821000005     
   3.7383446713529667E-002 -0.48214746453000001     
   4.1802716922384728E-002 -0.46050403324000000     
   4.0075502403072109E-002 -0.43858321154000002     
   3.3332385796879908E-002 -0.41639820372000003     
   2.4217202750094514E-002 -0.39396237318999999     
   1.5384784714321184E-002 -0.37128923445000001     
   8.3341747251732094E-003 -0.34839244495999999     
   3.3234555603195806E-003 -0.32528579689999998     
   1.7633204543743763E-004 -0.30198320883000002     
  -1.0508741687545629E-003 -0.27849871735999998     
  -2.0576141274405890E-004 -0.25484646868999999     
   2.5804271368984346E-003 -0.23104071003000001     
   6.7393628821925608E-003 -0.20709578108999999     
   1.1445445114424718E-002 -0.18302610539000000     
   1.6011445474622254E-002 -0.15884618161000000     
   2.0236423605420894E-002 -0.13457057483000001     
   2.4425227902277608E-002 -0.11021390775999999     
   2.9030158947977225E-002  -8.5790851964999998E-002
   3.4185101171294092E-002  -6.1316118964000001E-002
   3.9493965151245390E-002  -3.6804451425000002E-002
   4.4135958994051497E-002  -1.2270614261000000E-002
   4.7353631745821141E-002   1.2270614261000000E-002
   4.8967890312927566E-002   3.6804451425000002E-002
   4.9321406210742387E-002   6.1316118964000001E-002
   4.8795318268099304E-002   8.5790851964999998E-002
   4.7563615349029469E-002  0.11021390775999999     
   4.5973224542470791E-002  0.13457057483000001     
   4.4928288273609153E-002  0.15884618161000000     
   4.5262727457514855E-002  0.18302610539000000     
   4.7190981267671440E-002  0.20709578108999999     
   5.0537365042840496E-002  0.23104071003000001     
   5.4660452709228549E-002  0.25484646868999999     
   5.8488544411302315E-002  0.27849871735999998     
   6.1189820490842102E-002  0.30198320883000002     
   6.2564900464106912E-002  0.32528579689999998     
   6.2882309169120798E-002  0.34839244495999999     
   6.2424825694468986E-002  0.37128923445000001     
   6.0830224025484200E-002  0.39396237318999999     
   5.6674968092388554E-002  0.41639820372000003     
   4.8575012425434702E-002  0.43858321154000002     
   3.6945437440891585E-002  0.46050403324000000     
   2.3451350820153323E-002  0.48214746453000001     
   9.9632838093490859E-003  0.50350046821000005     
  -1.7247597271781254E-003  0.52455018204000003     
  -1.0510578996988184E-002  0.54528392645000001     
  -1.6705586873479887E-002  0.56568921222000002     
  -2.1433943790488571E-002  0.58575374796000002     
  -2.5537501094081910E-002  0.60546544753999998     
  -2.9385002023783208E-002  0.62481243737000003     
  -3.2995316027104572E-002  0.64378306356000004     
  -3.4298194631012587E-002  0.66236589889999997     
  -2.9677878455386424E-002  0.68054974979000005     
  -2.0638148810763694E-002  0.69832366296000004     
  -1.3098668408167015E-002  0.71567693207000005     
  -1.0934125132877080E-002  0.73259910414999996     
  -1.4511404781405975E-002  0.74907998593000003     
  -2.1869678284255279E-002  0.76510964992999997     
  -3.0330263833303513E-002  0.78067844049000001     
  -3.7845771654230739E-002  0.79577697955000004     
  -4.3158681717334613E-002  0.81039617232000005     
  -4.5440691526268694E-002  0.82452721272999996     
  -4.4484589903563534E-002  0.83816158878000002     
  -4.1049250999653925E-002  0.85129108762000005     
  -3.6465094325891269E-002  0.86390780055000005     
  -3.1885986674014884E-002  0.87600412773000003     
  -2.7934920147392520E-002  0.88757278276999996     
  -2.4780638387548758E-002  0.89860679716000003     
  -2.2355545400517131E-002  0.90909952440999997     
  -2.0523075676731568E-002  0.91904464410999998     
  -1.9148671120872238E-002  0.92843616566999998     
  -1.8104345217710753E-002  0.93726843200999999     
  -1.7252737186277168E-002  0.94553612289000000     
  -1.6441646894567910E-002  0.95323425815999996     
  -1.5518416086300550E-002  0.96035820076000000     
  -1.4358327889757060E-002  0.96690365949000001     
  -1.2894454785042949E-002  0.97286669161999995     
  -1.1136025955129421E-002  0.97824370522000004     
  -9.1672909748524989E-003  0.98303146139999997     
  -7.1268403772038720E-003  0.98722707618000005     
  -5.1740682775041468E-003  0.99082802228000000     
  -3.4526104384985288E-003  0.99383213063999998     
  -2.0613360976233595E-003  0.99623759168000003     
  -1.0431180652827853E-003  0.99804295643999996     
  -3.9478731728970559E-004  0.99924713745000004     
  -8.1972347040926358E-005  0.99984940935000000     
