   1.0928129747298635E-003 -0.99984940935000000     
   5.4620867406985811E-003 -0.99924713745000004     
   1.4190038219265887E-002 -0.99804295643999996     
   2.7254816197211627E-002 -0.99623759168000003     
   4.4619917681910322E-002 -0.99383213063999998     
   6.6223871220499123E-002 -0.99082802228000000     
   9.1957308989417869E-002 -0.98722707618000005     
  0.12162285782917648      -0.98303146139999997     
  0.15487999269292541      -0.97824370522000004     
  0.19118962338756526      -0.97286669161999995     
  0.22978496466558559      -0.96690365949000001     
  0.26969466639045597      -0.96035820076000000     
  0.30982612343411536      -0.95323425815999996     
  0.34909023836068692      -0.94553612289000000     
  0.38653004878242520      -0.93726843200999999     
  0.42141547825399595      -0.92843616566999998     
  0.45328325960383037      -0.91904464410999998     
  0.48192414227563563      -0.90909952440999997     
  0.50733668881757488      -0.89860679716000003     
  0.52967019874814592      -0.88757278276999996     
  0.54917375617225972      -0.87600412773000003     
  0.56615720123415447      -0.86390780055000005     
  0.58095602253246781      -0.85129108762000005     
  0.59389509008409658      -0.83816158878000002     
  0.60526248303242181      -0.82452721272999996     
  0.61530489316599546      -0.81039617232000005     
  0.62423887190466176      -0.79577697955000004     
  0.63226673782293641      -0.78067844049000001     
  0.63958159496826816      -0.76510964992999997     
  0.64635581508031781      -0.74907998593000003     
  0.65272371625032111      -0.73259910414999996     
  0.65876977678517379      -0.71567693207000005     
  0.66454489003627781      -0.69832366296000004     
  0.67008249121915675      -0.68054974979000005     
  0.67540046728548642      -0.66236589889999997     
  0.68051497459662458      -0.64378306356000004     
  0.68545374760435518      -0.62481243737000003     
  0.69026031551142986      -0.60546544753999998     
  0.69497402431400301      -0.58575374796000002     
  0.69961355870733521      -0.56568921222000002     
  0.70418590082613552      -0.54528392645000001     
  0.70869158040438884      -0.52455018204000003     
  0.71312775456125299      -0.50350046821000005     
  0.71748399564303300      -0.48214746453000001     
  0.72174599386636629      -0.46050403324000000     
  0.72589795234321908      -0.43858321154000002     
  0.72991759326676164      -0.41639820372000003     
  0.73378471860015138      -0.39396237318999999     
  0.73748967250398245      -0.37128923445000001     
  0.74103826097178138      -0.34839244495999999     
  0.74443915236793889      -0.32528579689999998     
  0.74769272452058932      -0.30198320883000002     
  0.75081094270397064      -0.27849871735999998     
  0.75381687128258623      -0.25484646868999999     
  0.75670968951494288      -0.23104071003000001     
  0.75945553238621177      -0.20709578108999999     
  0.76201538162845217      -0.18302610539000000     
  0.76436586159524900      -0.15884618161000000     
  0.76649218362717164      -0.13457057483000001     
  0.76838251032862526      -0.11021390775999999     
  0.77002654665766490       -8.5790851964999998E-002
  0.77141217536669371       -6.1316118964000001E-002
  0.77252056633585653       -3.6804451425000002E-002
  0.77332325799625012       -1.2270614261000000E-002
  0.77379203619069603        1.2270614261000000E-002
  0.77390722148000657        3.6804451425000002E-002
  0.77364789715416704        6.1316118964000001E-002
  0.77299233711040727        8.5790851964999998E-002
  0.77193950130494982       0.11021390775999999     
  0.77051552908167498       0.13457057483000001     
  0.76875744363104881       0.15884618161000000     
  0.76669703701747149       0.18302610539000000     
  0.76436526015916939       0.20709578108999999     
  0.76180147682238286       0.23104071003000001     
  0.75903787362478714       0.25484646868999999     
  0.75608140171972049       0.27849871735999998     
  0.75291850573030794       0.30198320883000002     
  0.74953546966816931       0.32528579689999998     
  0.74593697013786786       0.34839244495999999     
  0.74214557554118288       0.37128923445000001     
  0.73818182538377675       0.39396237318999999     
  0.73405851023002611       0.41639820372000003     
  0.72978950685726629       0.43858321154000002     
  0.72538474749563242       0.46050403324000000     
  0.72085652135835687       0.48214746453000001     
  0.71623380501790235       0.50350046821000005     
  0.71153060594240847       0.52455018204000003     
  0.70672292319862751       0.54528392645000001     
  0.70178730734502670       0.56568921222000002     
  0.69673834623629582       0.58575374796000002     
  0.69160133765078280       0.60546544753999998     
  0.68637346097907614       0.62481243737000003     
  0.68104090870245770       0.64378306356000004     
  0.67559447327865207       0.66236589889999997     
  0.67001817888200643       0.68054974979000005     
  0.66427370006331821       0.69832366296000004     
  0.65830215943903259       0.71567693207000005     
  0.65203346555119213       0.73259910414999996     
  0.64539020660414226       0.74907998593000003     
  0.63827483261288054       0.76510964992999997     
  0.63055818163790145       0.78067844049000001     
  0.62209349370459421       0.79577697955000004     
  0.61272470221780928       0.81039617232000005     
  0.60227603700005417       0.82452721272999996     
  0.59054254839245601       0.83816158878000002     
  0.57728902128228909       0.85129108762000005     
  0.56225594116331279       0.86390780055000005     
  0.54517290836511789       0.87600412773000003     
  0.52576267357892426       0.88757278276999996     
  0.50374282196426567       0.89860679716000003     
  0.47884697554754363       0.90909952440999997     
  0.45087155722430322       0.91904464410999998     
  0.41974250524353740       0.92843616566999998     
  0.38558713536891498       0.93726843200999999     
  0.34879230251067700       0.94553612289000000     
  0.31002923535782023       0.95323425815999996     
  0.27022559684543612       0.96035820076000000     
  0.23047595473373902       0.96690365949000001     
  0.19190649153608935       0.97286669161999995     
  0.15553473821735572       0.97824370522000004     
  0.12217063038298358       0.98303146139999997     
   9.2384645006275329E-002  0.98722707618000005     
   6.6535984122760169E-002  0.99082802228000000     
   4.4831367646783665E-002  0.99383213063999998     
   2.7384178936961944E-002  0.99623759168000003     
   1.4257392968348609E-002  0.99804295643999996     
   5.4880036726177072E-003  0.99924713745000004     
   1.0979970792168261E-003  0.99984940935000000     
