   0.0000000000000000      -0.99984940935000000     
  -1.1762561624879472E-020 -0.99924713745000004     
  -1.0881221905144299E-020 -0.99804295643999996     
  -1.1647853910272193E-020 -0.99623759168000003     
  -1.1456336336558253E-020 -0.99383213063999998     
  -5.2697232883034483E-021 -0.99082802228000000     
  -1.6163184367523668E-020 -0.98722707618000005     
   3.4670560991903868E-020 -0.98303146139999997     
   3.4707107335331210E-020 -0.97824370522000004     
  -4.4597668320509008E-020 -0.97286669161999995     
   5.0901686967013404E-022 -0.96690365949000001     
  -2.0644924124573473E-020 -0.96035820076000000     
   3.0853686451752918E-020 -0.95323425815999996     
  -4.6142540911808036E-020 -0.94553612289000000     
   4.6267941492671070E-019 -0.93726843200999999     
  -2.0783108405812334E-019 -0.92843616566999998     
   5.5487538683888359E-019 -0.91904464410999998     
  -5.6943023130265426E-019 -0.90909952440999997     
  -1.7586641884547422E-019 -0.89860679716000003     
   5.1278821167747304E-019 -0.88757278276999996     
  -1.6265506609296477E-019 -0.87600412773000003     
   2.0769121533636430E-019 -0.86390780055000005     
   4.9503571256028505E-019 -0.85129108762000005     
  -1.6856677553440618E-019 -0.83816158878000002     
  -6.4135554071831496E-019 -0.82452721272999996     
   2.9936839460799138E-019 -0.81039617232000005     
   8.2076770685861655E-019 -0.79577697955000004     
   5.3228922021312326E-019 -0.78067844049000001     
   1.1254709652281501E-018 -0.76510964992999997     
   2.1531264694536293E-018 -0.74907998593000003     
  -7.0903636081625387E-019 -0.73259910414999996     
  -7.4663547956866408E-019 -0.71567693207000005     
  -2.4278803753756428E-018 -0.69832366296000004     
  -1.9779565366839247E-018 -0.68054974979000005     
  -7.3142377850028906E-019 -0.66236589889999997     
  -1.7323267577510499E-020 -0.64378306356000004     
   1.1968431164087239E-019 -0.62481243737000003     
  -1.8197251573086542E-019 -0.60546544753999998     
   2.4298535771277693E-018 -0.58575374796000002     
  -1.2935540656989246E-019 -0.56568921222000002     
   5.3017043467318731E-019 -0.54528392645000001     
  -4.1135541465787058E-018 -0.52455018204000003     
  -6.9731145162450235E-019 -0.50350046821000005     
   1.2992691317492926E-019 -0.48214746453000001     
   1.2114383423260360E-018 -0.46050403324000000     
   2.1658957317678478E-018 -0.43858321154000002     
  -4.7629324368599350E-018 -0.41639820372000003     
  -1.5311179312805547E-018 -0.39396237318999999     
  -4.5350673391587264E-019 -0.37128923445000001     
  -2.8084568506298400E-018 -0.34839244495999999     
   2.9054192628262500E-020 -0.32528579689999998     
   1.3992478956485006E-018 -0.30198320883000002     
  -1.8851055129248478E-018 -0.27849871735999998     
   1.5495950406143427E-020 -0.25484646868999999     
  -4.4566806963836993E-019 -0.23104071003000001     
  -4.7951840585469022E-019 -0.20709578108999999     
  -9.8880689155868922E-019 -0.18302610539000000     
   3.4010809255155313E-019 -0.15884618161000000     
  -1.4908273172113717E-018 -0.13457057483000001     
   2.0417464495768910E-019 -0.11021390775999999     
   9.1159514604643874E-020  -8.5790851964999998E-002
   1.4045346325380399E-018  -6.1316118964000001E-002
  -2.4827811046131624E-019  -3.6804451425000002E-002
   1.1838007340958905E-019  -1.2270614261000000E-002
  -8.1088485369278310E-019   1.2270614261000000E-002
  -7.6776798906521871E-019   3.6804451425000002E-002
  -1.2304116096308773E-018   6.1316118964000001E-002
  -1.3477352981999986E-018   8.5790851964999998E-002
  -9.6514351018067207E-019  0.11021390775999999     
  -1.0601880665277648E-018  0.13457057483000001     
   1.4151582635415331E-019  0.15884618161000000     
  -1.7497547012751706E-018  0.18302610539000000     
   4.0865730189619703E-020  0.20709578108999999     
  -5.9615779046251757E-019  0.23104071003000001     
  -2.8489844895436392E-019  0.25484646868999999     
  -2.7254367932527185E-019  0.27849871735999998     
   6.4248291269498740E-019  0.30198320883000002     
  -2.5110195467609731E-019  0.32528579689999998     
   2.3195467864966976E-019  0.34839244495999999     
  -3.8140546062445070E-019  0.37128923445000001     
  -3.2684402583455294E-019  0.39396237318999999     
  -1.0457776778782411E-018  0.41639820372000003     
  -2.6367509998690330E-018  0.43858321154000002     
   1.8145130170707224E-018  0.46050403324000000     
  -5.2279657070170247E-020  0.48214746453000001     
   1.4384460297232137E-018  0.50350046821000005     
  -5.7233630479014664E-019  0.52455018204000003     
  -2.3702183668569474E-019  0.54528392645000001     
   9.3511474839434706E-019  0.56568921222000002     
   5.4556381468337406E-019  0.58575374796000002     
  -2.9805675687013741E-018  0.60546544753999998     
  -2.7250216989816919E-019  0.62481243737000003     
   8.8669670881564301E-019  0.64378306356000004     
  -7.6680545162515730E-019  0.66236589889999997     
  -2.5721499987863412E-018  0.68054974979000005     
   2.0181702981543843E-020  0.69832366296000004     
  -1.0152580219974846E-018  0.71567693207000005     
   3.8379977250660420E-019  0.73259910414999996     
  -5.0158788539055502E-019  0.74907998593000003     
   1.4375424477013557E-018  0.76510964992999997     
   9.8011938957623233E-019  0.78067844049000001     
  -5.5394029675551775E-021  0.79577697955000004     
  -2.1271235205103626E-019  0.81039617232000005     
  -2.9069352592943537E-019  0.82452721272999996     
   1.2069058437586704E-018  0.83816158878000002     
   8.2708195246542137E-019  0.85129108762000005     
  -2.4730955716225413E-019  0.86390780055000005     
  -3.6432884326595587E-019  0.87600412773000003     
   4.2668592894150334E-019  0.88757278276999996     
   7.1615282122076016E-019  0.89860679716000003     
  -5.3545476521912627E-019  0.90909952440999997     
  -1.8229135625788608E-019  0.91904464410999998     
   1.4750645634585614E-019  0.92843616566999998     
   9.7332838714364674E-020  0.93726843200999999     
  -2.9886193447839647E-019  0.94553612289000000     
  -3.4856033684797627E-019  0.95323425815999996     
   1.0474061709096455E-019  0.96035820076000000     
   5.5286496195919244E-020  0.96690365949000001     
  -7.0329226824621046E-020  0.97286669161999995     
   5.1822564583497168E-020  0.97824370522000004     
  -5.2639969425174561E-020  0.98303146139999997     
   9.0606356369558461E-021  0.98722707618000005     
   4.1490627543284813E-022  0.99082802228000000     
  -3.7408491220335622E-021  0.99383213063999998     
  -4.2164544748023336E-021  0.99623759168000003     
   3.9372159539656573E-022  0.99804295643999996     
  -5.0447486675052860E-022  0.99924713745000004     
  -1.8874518947428829E-023  0.99984940935000000     
