   3.1346339695023586E-006 -0.99984940935000000     
   1.5671337521033179E-005 -0.99924713745000004     
   4.0738821959988844E-005 -0.99804295643999996     
   7.8330201496093577E-005 -0.99623759168000003     
   1.2843941701007498E-004 -0.99383213063999998     
   1.9104162487852187E-004 -0.99082802228000000     
   2.6602212646146297E-004 -0.98722707618000005     
   3.5303542147506218E-004 -0.98303146139999997     
   4.5135096797587458E-004 -0.97824370522000004     
   5.5987324054126454E-004 -0.97286669161999995     
   6.7759216577489281E-004 -0.96690365949000001     
   8.0452062171757280E-004 -0.96035820076000000     
   9.4259998511947050E-004 -0.95323425815999996     
   1.0955238507410401E-003 -0.94553612289000000     
   1.2668572630068896E-003 -0.93726843200999999     
   1.4573932018265637E-003 -0.92843616566999998     
   1.6639074693500047E-003 -0.91904464410999998     
   1.8802359622742851E-003 -0.90909952440999997     
   2.0983490598276170E-003 -0.89860679716000003     
   2.3066227464738557E-003 -0.88757278276999996     
   2.4879699180586439E-003 -0.87600412773000003     
   2.6233222410715663E-003 -0.86390780055000005     
   2.6982766209033698E-003 -0.85129108762000005     
   2.7073040991960795E-003 -0.83816158878000002     
   2.6568522214993062E-003 -0.82452721272999996     
   2.5641020084999013E-003 -0.81039617232000005     
   2.4496147503634243E-003 -0.79577697955000004     
   2.3328160938532521E-003 -0.78067844049000001     
   2.2308472494547934E-003 -0.76510964992999997     
   2.1569332711696850E-003 -0.74907998593000003     
   2.1140885644272398E-003 -0.73259910414999996     
   2.0988226952154514E-003 -0.71567693207000005     
   2.1034156251788093E-003 -0.69832366296000004     
   2.1088183905664270E-003 -0.68054974979000005     
   2.1001483444705125E-003 -0.66236589889999997     
   2.0805223011456362E-003 -0.64378306356000004     
   2.0512418896722717E-003 -0.62481243737000003     
   1.9986256336848780E-003 -0.60546544753999998     
   1.9103626330802628E-003 -0.58575374796000002     
   1.7916260763256246E-003 -0.56568921222000002     
   1.6554064385329820E-003 -0.54528392645000001     
   1.5025890780837354E-003 -0.52455018204000003     
   1.3235682183958457E-003 -0.50350046821000005     
   1.1195277080317621E-003 -0.48214746453000001     
   9.1442098528914627E-004 -0.46050403324000000     
   7.3954203191289836E-004 -0.43858321154000002     
   6.1858920800947857E-004 -0.41639820372000003     
   5.6068291819076589E-004 -0.39396237318999999     
   5.6079679626064435E-004 -0.37128923445000001     
   6.0682607213066253E-004 -0.34839244495999999     
   6.8561000934535871E-004 -0.32528579689999998     
   7.8866466645753858E-004 -0.30198320883000002     
   9.0915172673038678E-004 -0.27849871735999998     
   1.0382343572912965E-003 -0.25484646868999999     
   1.1628730959304546E-003 -0.23104071003000001     
   1.2690331992185851E-003 -0.20709578108999999     
   1.3589478653563106E-003 -0.18302610539000000     
   1.4484584829067199E-003 -0.15884618161000000     
   1.5476946267360299E-003 -0.13457057483000001     
   1.6573688490879599E-003 -0.11021390775999999     
   1.7781184831804160E-003  -8.5790851964999998E-002
   1.9155738160445811E-003  -6.1316118964000001E-002
   2.0621055613150433E-003  -3.6804451425000002E-002
   2.1889511693905209E-003  -1.2270614261000000E-002
   2.2685140321652398E-003   1.2270614261000000E-002
   2.2854774998343555E-003   3.6804451425000002E-002
   2.2325308603180273E-003   6.1316118964000001E-002
   2.1050649908798715E-003   8.5790851964999998E-002
   1.9052034942593165E-003  0.11021390775999999     
   1.6517975626908783E-003  0.13457057483000001     
   1.3681805187624257E-003  0.15884618161000000     
   1.0653238392771365E-003  0.18302610539000000     
   7.3846559307602676E-004  0.20709578108999999     
   3.6764459587041489E-004  0.23104071003000001     
  -5.3124252173111780E-005  0.25484646868999999     
  -4.9499442792135429E-004  0.27849871735999998     
  -9.1964674522308386E-004  0.30198320883000002     
  -1.2873726305949384E-003  0.32528579689999998     
  -1.5556490231937036E-003  0.34839244495999999     
  -1.6927344462011236E-003  0.37128923445000001     
  -1.6887002871991941E-003  0.39396237318999999     
  -1.5582284313703512E-003  0.41639820372000003     
  -1.3362661713580443E-003  0.43858321154000002     
  -1.0669295472729142E-003  0.46050403324000000     
  -7.9436536095146728E-004  0.48214746453000001     
  -5.4740418272095027E-004  0.50350046821000005     
  -3.2821685675123039E-004  0.52455018204000003     
  -1.3157812373279190E-004  0.54528392645000001     
   4.1060140458007045E-005  0.56568921222000002     
   1.8997325375612377E-004  0.58575374796000002     
   3.1735244615907824E-004  0.60546544753999998     
   4.2374358547255750E-004  0.62481243737000003     
   5.0655485146108674E-004  0.64378306356000004     
   5.6376677596521770E-004  0.66236589889999997     
   5.8870455292773366E-004  0.68054974979000005     
   5.6124419785637367E-004  0.69832366296000004     
   4.6871848851071671E-004  0.71567693207000005     
   3.1469870306449088E-004  0.73259910414999996     
   1.0842498493822715E-004  0.74907998593000003     
  -1.3491553982721547E-004  0.76510964992999997     
  -3.9905301069459724E-004  0.78067844049000001     
  -6.6849589825617210E-004  0.79577697955000004     
  -9.2284276140075039E-004  0.81039617232000005     
  -1.1388458337581520E-003  0.82452721272999996     
  -1.2974267970826555E-003  0.83816158878000002     
  -1.3906395025796480E-003  0.85129108762000005     
  -1.4223779920653564E-003  0.86390780055000005     
  -1.3977506063926625E-003  0.87600412773000003     
  -1.3190006778464249E-003  0.88757278276999996     
  -1.1928393069847003E-003  0.89860679716000003     
  -1.0344483807894060E-003  0.90909952440999997     
  -8.6284770412346692E-004  0.91904464410999998     
  -6.9540123301014612E-004  0.92843616566999998     
  -5.4576887937443045E-004  0.93726843200999999     
  -4.2287821208493480E-004  0.94553612289000000     
  -3.2946296805696259E-004  0.95323425815999996     
  -2.6196426111440050E-004  0.96035820076000000     
  -2.1294493195179518E-004  0.96690365949000001     
  -1.7471282559634790E-004  0.97286669161999995     
  -1.4195269645651817E-004  0.97824370522000004     
  -1.1229330264406112E-004  0.98303146139999997     
  -8.5374930044827881E-005  0.98722707618000005     
  -6.1631089724876041E-005  0.99082802228000000     
  -4.1532163343548331E-005  0.99383213063999998     
  -2.5348780375069596E-005  0.99623759168000003     
  -1.3186059369393752E-005  0.99804295643999996     
  -5.0724913298248038E-006  0.99924713745000004     
  -1.0146164965533718E-006  0.99984940935000000     
