   0.0000000000000000      -0.99984940935000000     
  -6.3368726683470503E-020 -0.99924713745000004     
  -6.1573773834798843E-020 -0.99804295643999996     
  -6.4095950920049594E-020 -0.99623759168000003     
  -7.0321932595583095E-020 -0.99383213063999998     
  -4.0287004553782660E-020 -0.99082802228000000     
  -1.1823388803587956E-019 -0.98722707618000005     
   1.6980363614488552E-020 -0.98303146139999997     
  -1.8168856718604742E-019 -0.97824370522000004     
   5.9279071418000175E-020 -0.97286669161999995     
   5.5689769304010078E-019 -0.96690365949000001     
   1.4553084825012948E-019 -0.96035820076000000     
   3.2774881102821084E-019 -0.95323425815999996     
  -1.7732105355176744E-018 -0.94553612289000000     
   3.0440246541951418E-019 -0.93726843200999999     
  -1.5432940298973352E-018 -0.92843616566999998     
   8.3199811244053651E-019 -0.91904464410999998     
  -5.4464218508451512E-019 -0.90909952440999997     
   4.4035125345382939E-019 -0.89860679716000003     
  -8.8387888045986240E-019 -0.88757278276999996     
  -2.5845092803096839E-019 -0.87600412773000003     
  -6.9043773113066156E-019 -0.86390780055000005     
  -5.5703004193810926E-019 -0.85129108762000005     
  -7.8647009152561786E-019 -0.83816158878000002     
   1.3285711777683701E-018 -0.82452721272999996     
  -1.7616167720521311E-018 -0.81039617232000005     
  -2.8820296030327569E-018 -0.79577697955000004     
   3.2260837982956130E-018 -0.78067844049000001     
  -4.3835807904982161E-018 -0.76510964992999997     
   7.6033912510282270E-018 -0.74907998593000003     
  -7.0801366478618830E-019 -0.73259910414999996     
  -2.8409485050909233E-018 -0.71567693207000005     
  -7.3969269701349913E-018 -0.69832366296000004     
  -2.5449104900255454E-018 -0.68054974979000005     
   4.9490017525700633E-018 -0.66236589889999997     
   1.0843715790749553E-017 -0.64378306356000004     
   7.6710480076901642E-018 -0.62481243737000003     
   3.4250836013411702E-018 -0.60546544753999998     
   1.2762668932754170E-018 -0.58575374796000002     
  -1.2802479481275122E-017 -0.56568921222000002     
   1.1672114013164259E-017 -0.54528392645000001     
  -4.9793890595528113E-018 -0.52455018204000003     
   9.9185969936702468E-018 -0.50350046821000005     
   8.9753728673433800E-019 -0.48214746453000001     
   1.1815050823013422E-018 -0.46050403324000000     
   1.1006769633096006E-017 -0.43858321154000002     
  -1.4091240110522540E-017 -0.41639820372000003     
  -6.5937279779011010E-018 -0.39396237318999999     
  -3.6101603003162348E-018 -0.37128923445000001     
  -8.0507305262969044E-018 -0.34839244495999999     
   2.3746039280682276E-018 -0.32528579689999998     
   4.8353405189603769E-018 -0.30198320883000002     
  -1.5506790984062086E-018 -0.27849871735999998     
   4.2998568776180489E-018 -0.25484646868999999     
  -7.6238523906603387E-018 -0.23104071003000001     
  -7.2766747614044823E-018 -0.20709578108999999     
  -5.2172862037230621E-018 -0.18302610539000000     
  -5.1717317130285417E-019 -0.15884618161000000     
  -1.3670847070888391E-018 -0.13457057483000001     
   2.1447138922274902E-018 -0.11021390775999999     
   1.6348265277600030E-018  -8.5790851964999998E-002
   2.7511100731227641E-018  -6.1316118964000001E-002
   2.6910236734269122E-018  -3.6804451425000002E-002
  -5.0107292786012204E-018  -1.2270614261000000E-002
   1.0208864596782455E-018   1.2270614261000000E-002
  -2.2296024754101321E-018   3.6804451425000002E-002
   9.5050860967325380E-018   6.1316118964000001E-002
  -4.6287174193895310E-018   8.5790851964999998E-002
   3.4878169789971918E-018  0.11021390775999999     
   7.8186434987492261E-019  0.13457057483000001     
  -1.2710788164734844E-018  0.15884618161000000     
   1.8846483076408183E-018  0.18302610539000000     
  -4.5052623673272167E-018  0.20709578108999999     
   4.8061708218393069E-018  0.23104071003000001     
  -2.2671895624445416E-018  0.25484646868999999     
  -9.5386497772674897E-019  0.27849871735999998     
   5.1950648237474376E-018  0.30198320883000002     
  -6.6005042414791354E-019  0.32528579689999998     
   7.0303734622106928E-020  0.34839244495999999     
   6.7254416011991447E-019  0.37128923445000001     
  -4.0640640809261330E-018  0.39396237318999999     
  -3.5831611251225040E-018  0.41639820372000003     
  -9.1250859407705776E-018  0.43858321154000002     
  -5.8231397541365013E-018  0.46050403324000000     
  -1.0087103610614649E-018  0.48214746453000001     
  -5.2791328437624269E-019  0.50350046821000005     
   7.5237701539863228E-019  0.52455018204000003     
  -2.6218846091072799E-018  0.54528392645000001     
   5.0419636185312228E-018  0.56568921222000002     
   5.6679739061113541E-018  0.58575374796000002     
  -9.0425531679724867E-018  0.60546544753999998     
   3.0411460656634573E-018  0.62481243737000003     
  -7.3198999114940533E-018  0.64378306356000004     
  -2.8618066914170605E-018  0.66236589889999997     
  -1.8278971001747801E-018  0.68054974979000005     
  -9.7874657055234404E-019  0.69832366296000004     
  -5.0946914194978030E-018  0.71567693207000005     
  -2.9929909191230702E-018  0.73259910414999996     
  -1.4621906251977360E-018  0.74907998593000003     
   5.5215960249139703E-020  0.76510964992999997     
  -2.9230842311949888E-018  0.78067844049000001     
   2.7844090558616988E-018  0.79577697955000004     
  -1.2272978010122778E-018  0.81039617232000005     
  -3.9815842476872455E-019  0.82452721272999996     
   1.2006162631737673E-018  0.83816158878000002     
   1.3860635390632557E-018  0.85129108762000005     
  -4.9170262588112135E-019  0.86390780055000005     
  -1.2072337080741916E-018  0.87600412773000003     
   1.2190921693357518E-018  0.88757278276999996     
   1.3230654636112171E-018  0.89860679716000003     
   2.5410988417629010E-021  0.90909952440999997     
  -1.6788193014580233E-018  0.91904464410999998     
   7.5978855368710740E-019  0.92843616566999998     
   8.4946816697765645E-019  0.93726843200999999     
  -4.4405702259806695E-019  0.94553612289000000     
  -1.3007249696273850E-018  0.95323425815999996     
   5.7312366793594097E-019  0.96035820076000000     
   5.4956556409043074E-019  0.96690365949000001     
   2.6856238383881660E-019  0.97286669161999995     
   2.9259694371715737E-019  0.97824370522000004     
  -3.4516592600612739E-020  0.98303146139999997     
  -4.8135294205685786E-020  0.98722707618000005     
   9.5820602158142726E-021  0.99082802228000000     
  -1.5382250671036103E-020  0.99383213063999998     
  -1.1563984963491327E-021  0.99623759168000003     
  -1.0203272855841596E-021  0.99804295643999996     
  -1.3064283799509381E-021  0.99924713745000004     
  -3.7387917452543294E-022  0.99984940935000000     
