  -4.6454655196446676E-007 -0.99984940935000000     
  -2.3223965535912227E-006 -0.99924713745000004     
  -6.0352656245799316E-006 -0.99804295643999996     
  -1.1590775028753110E-005 -0.99623759168000003     
  -1.8955634837508226E-005 -0.99383213063999998     
  -2.8067919064423566E-005 -0.99082802228000000     
  -3.8849196544216761E-005 -0.98722707618000005     
  -5.1237942961226339E-005 -0.98303146139999997     
  -6.5167048040683337E-005 -0.97824370522000004     
  -8.0279845279624651E-005 -0.97286669161999995     
  -9.5178168985325342E-005 -0.96690365949000001     
  -1.0635657397322661E-004 -0.96035820076000000     
  -1.0754310131960110E-004 -0.95323425815999996     
  -9.0276784807822341E-005 -0.94553612289000000     
  -4.5816365723933806E-005 -0.93726843200999999     
   3.2677983211982892E-005 -0.92843616566999998     
   1.4904756086318928E-004 -0.91904464410999998     
   3.0407227178581625E-004 -0.90909952440999997     
   4.9502902018262393E-004 -0.89860679716000003     
   7.1401348009831982E-004 -0.88757278276999996     
   9.4736167188427703E-004 -0.87600412773000003     
   1.1798574137353030E-003 -0.86390780055000005     
   1.4004531576744348E-003 -0.85129108762000005     
   1.6018512189325707E-003 -0.83816158878000002     
   1.7776847591993020E-003 -0.82452721272999996     
   1.9225324282232223E-003 -0.81039617232000005     
   2.0341445087205296E-003 -0.79577697955000004     
   2.1170699817157279E-003 -0.78067844049000001     
   2.1761795077262004E-003 -0.76510964992999997     
   2.2070695391634035E-003 -0.74907998593000003     
   2.2036754809530469E-003 -0.73259910414999996     
   2.1743778647535660E-003 -0.71567693207000005     
   2.1344422421384593E-003 -0.69832366296000004     
   2.0908707372278719E-003 -0.68054974979000005     
   2.0533301022391068E-003 -0.66236589889999997     
   2.0402163270883933E-003 -0.64378306356000004     
   2.0572073417102739E-003 -0.62481243737000003     
   2.0920609657689411E-003 -0.60546544753999998     
   2.1288771534433001E-003 -0.58575374796000002     
   2.1581614946485773E-003 -0.56568921222000002     
   2.1799130242830954E-003 -0.54528392645000001     
   2.1983807571017292E-003 -0.52455018204000003     
   2.2187220917119473E-003 -0.50350046821000005     
   2.2470486958121533E-003 -0.48214746453000001     
   2.2945836238264516E-003 -0.46050403324000000     
   2.3715912802268675E-003 -0.43858321154000002     
   2.4763245877567697E-003 -0.41639820372000003     
   2.5899365095912990E-003 -0.39396237318999999     
   2.6826213472090073E-003 -0.37128923445000001     
   2.7382657542372396E-003 -0.34839244495999999     
   2.7604697742007914E-003 -0.32528579689999998     
   2.7622305130399860E-003 -0.30198320883000002     
   2.7567463658767417E-003 -0.27849871735999998     
   2.7519138389106223E-003 -0.25484646868999999     
   2.7439472093611565E-003 -0.23104071003000001     
   2.7159785473817961E-003 -0.20709578108999999     
   2.6592084777395351E-003 -0.18302610539000000     
   2.5849715989443019E-003 -0.15884618161000000     
   2.5109705678464165E-003 -0.13457057483000001     
   2.4456897025979529E-003 -0.11021390775999999     
   2.3938719324346457E-003  -8.5790851964999998E-002
   2.3637516080068067E-003  -6.1316118964000001E-002
   2.3564836075302795E-003  -3.6804451425000002E-002
   2.3637802025277778E-003  -1.2270614261000000E-002
   2.3736411576662318E-003   1.2270614261000000E-002
   2.3679212119300233E-003   3.6804451425000002E-002
   2.3201637475482851E-003   6.1316118964000001E-002
   2.2067910928394909E-003   8.5790851964999998E-002
   2.0246795134258376E-003  0.11021390775999999     
   1.7907907787538797E-003  0.13457057483000001     
   1.5209916329994102E-003  0.15884618161000000     
   1.2180654848302143E-003  0.18302610539000000     
   8.7827784852184578E-004  0.20709578108999999     
   4.9885486523312643E-004  0.23104071003000001     
   8.7719488686519072E-005  0.25484646868999999     
  -3.3533350441064162E-004  0.27849871735999998     
  -7.5396237428669165E-004  0.30198320883000002     
  -1.1542320529201388E-003  0.32528579689999998     
  -1.5138583148603790E-003  0.34839244495999999     
  -1.8070456304630066E-003  0.37128923445000001     
  -2.0123578352245989E-003  0.39396237318999999     
  -2.1193862862742942E-003  0.41639820372000003     
  -2.1321124570657592E-003  0.43858321154000002     
  -2.0687985625041328E-003  0.46050403324000000     
  -1.9551892480682551E-003  0.48214746453000001     
  -1.8058382377381392E-003  0.50350046821000005     
  -1.6140334764964922E-003  0.52455018204000003     
  -1.3756780537789875E-003  0.54528392645000001     
  -1.1128528838798243E-003  0.56568921222000002     
  -8.5926586815297606E-004  0.58575374796000002     
  -6.4138239791875710E-004  0.60546544753999998     
  -4.7931875064010764E-004  0.62481243737000003     
  -3.9166849036095851E-004  0.64378306356000004     
  -3.8712971646888520E-004  0.66236589889999997     
  -4.5774059305209489E-004  0.68054974979000005     
  -5.8863380519735462E-004  0.69832366296000004     
  -7.6134745030832004E-004  0.71567693207000005     
  -9.5875755115078709E-004  0.73259910414999996     
  -1.1688839078958931E-003  0.74907998593000003     
  -1.3784395357543321E-003  0.76510964992999997     
  -1.5712876092652222E-003  0.78067844049000001     
  -1.7284392447160996E-003  0.79577697955000004     
  -1.8298418824149057E-003  0.81039617232000005     
  -1.8635644973980488E-003  0.82452721272999996     
  -1.8271101054872273E-003  0.83816158878000002     
  -1.7235392439655280E-003  0.85129108762000005     
  -1.5615761071214025E-003  0.86390780055000005     
  -1.3562963791251264E-003  0.87600412773000003     
  -1.1269460449077817E-003  0.88757278276999996     
  -8.9383751551692047E-004  0.89860679716000003     
  -6.7692574778000002E-004  0.90909952440999997     
  -4.9277472054618605E-004  0.91904464410999998     
  -3.5075578612633624E-004  0.92843616566999998     
  -2.5187623070909153E-004  0.93726843200999999     
  -1.9010606654975472E-004  0.94553612289000000     
  -1.5512926515852754E-004  0.95323425815999996     
  -1.3562176140174671E-004  0.96035820076000000     
  -1.2211226065664840E-004  0.96690365949000001     
  -1.0869519879247455E-004  0.97286669161999995     
  -9.3201689715565454E-005  0.97824370522000004     
  -7.6065068679599332E-005  0.98303146139999997     
  -5.8770130772042874E-005  0.98722707618000005     
  -4.2735042976549833E-005  0.99082802228000000     
  -2.8876225029124484E-005  0.99383213063999998     
  -1.7636751178007741E-005  0.99623759168000003     
  -9.1749577652983303E-006  0.99804295643999996     
  -3.5293722085946811E-006  0.99924713745000004     
  -7.0595309145216745E-007  0.99984940935000000     
