 -0.99984940935000000       -0.0000000000000000     
 -0.99924713745000004        3.2126784256257268E-007
 -0.99804295643999996        1.3739191069444844E-005
 -0.99623759168000003        1.3550393362307258E-004
 -0.99383213063999998        7.0745100066037226E-004
 -0.99082802228000000        2.5684914665805251E-003
 -0.98722707618000005        7.3199635852724204E-003
 -0.98303146139999997        1.7435081723218882E-002
 -0.97824370522000004        3.5997852949950962E-002
 -0.97286669161999995        6.6003152927930075E-002
 -0.96690365949000001       0.10940939704203918     
 -0.96035820076000000       0.16624460889808990     
 -0.95323425815999996       0.23409241546951412     
 -0.94553612289000000       0.30837761015939785     
 -0.93726843200999999       0.38356401737778562     
 -0.92843616566999998       0.45462182959646635     
 -0.91904464410999998       0.51795914139839705     
 -0.90909952440999997       0.57168058190801940     
 -0.89860679716000003       0.61538344898233599     
 -0.88757278276999996       0.64970537517536286     
 -0.87600412773000003       0.67641823948937774     
 -0.86390780055000005       0.69872855557868396     
 -0.85129108762000005       0.71969115278235407     
 -0.83816158878000002       0.73929139755669082     
 -0.82452721272999996       0.75526968448558629     
 -0.81039617232000005       0.76608871545470159     
 -0.79577697955000004       0.77233675224762244     
 -0.78067844049000001       0.77479066150686449     
 -0.76510964992999997       0.77253288579135881     
 -0.74907998593000003       0.76359913730922879     
 -0.73259910414999996       0.74843326113047415     
 -0.71567693207000005       0.72972528192863695     
 -0.69832366296000004       0.70914950967130808     
 -0.68054974979000005       0.68590791355578684     
 -0.66236589889999997       0.66030422764558561     
 -0.64378306356000004       0.63397630448717013     
 -0.62481243737000003       0.61165219597017972     
 -0.60546544753999998       0.59637273246445577     
 -0.58575374796000002       0.58726325797307999     
 -0.56568921222000002       0.58306700693743896     
 -0.54528392645000001       0.57810988777380490     
 -0.52455018204000003       0.56764135163323026     
 -0.50350046821000005       0.55284254059534099     
 -0.48214746453000001       0.53297960553389534     
 -0.46050403324000000       0.50386462838876345     
 -0.43858321154000002       0.46607167775501784     
 -0.41639820372000003       0.42793927441794805     
 -0.39396237318999999       0.39406520228128084     
 -0.37128923445000001       0.36084563414185583     
 -0.34839244495999999       0.32506066422630447     
 -0.32528579689999998       0.28601596713454985     
 -0.30198320883000002       0.24768184131661014     
 -0.27849871735999998       0.21349502901872661     
 -0.25484646868999999       0.18239636165221304     
 -0.23104071003000001       0.15368529614673443     
 -0.20709578108999999       0.12848957353441481     
 -0.18302610539000000       0.10628442937606568     
 -0.15884618161000000        8.5115195258596663E-002
 -0.13457057483000001        6.4117659730239460E-002
 -0.11021390775999999        4.3808421117580196E-002
  -8.5790851964999998E-002   2.5230393355556848E-002
  -6.1316118964000001E-002   9.1982062989903225E-003
  -3.6804451425000002E-002  -4.1341515934345402E-003
  -1.2270614261000000E-002  -1.5322943332732269E-002
   1.2270614261000000E-002  -2.5432488042066156E-002
   3.6804451425000002E-002  -3.5092154804690578E-002
   6.1316118964000001E-002  -4.4139707571708542E-002
   8.5790851964999998E-002  -5.3185710964434092E-002
  0.11021390775999999       -6.3768548484194360E-002
  0.13457057483000001       -7.7282573476016164E-002
  0.15884618161000000       -9.3407074395541981E-002
  0.18302610539000000      -0.11087781089596516     
  0.20709578108999999      -0.12847172278848226     
  0.23104071003000001      -0.14573778296165238     
  0.25484646868999999      -0.16282175332223275     
  0.27849871735999998      -0.17936768488564958     
  0.30198320883000002      -0.19523046469316621     
  0.32528579689999998      -0.21082970482995544     
  0.34839244495999999      -0.22573479425652215     
  0.37128923445000001      -0.24017298979204524     
  0.39396237318999999      -0.25745796222388112     
  0.41639820372000003      -0.27990542936446905     
  0.43858321154000002      -0.30361023534101300     
  0.46050403324000000      -0.32732764876226866     
  0.48214746453000001      -0.35607998642070715     
  0.50350046821000005      -0.38993585104896961     
  0.52455018204000003      -0.42675981962486631     
  0.54528392645000001      -0.46996415786467827     
  0.56568921222000002      -0.51584760890624459     
  0.58575374796000002      -0.55636648406184397     
  0.60546544753999998      -0.58880189061621946     
  0.62481243737000003      -0.61014891924427883     
  0.64378306356000004      -0.62200418255802037     
  0.66236589889999997      -0.62933255770985819     
  0.68054974979000005      -0.63386133744944795     
  0.69832366296000004      -0.63415987579296329     
  0.71567693207000005      -0.63155563780254009     
  0.73259910414999996      -0.62945799443377226     
  0.74907998593000003      -0.63017770938415840     
  0.76510964992999997      -0.63277824734710786     
  0.78067844049000001      -0.63466865585209431     
  0.79577697955000004      -0.63630061551098649     
  0.81039617232000005      -0.64104681510040695     
  0.82452721272999996      -0.65087291559247751     
  0.83816158878000002      -0.66488899656591949     
  0.85129108762000005      -0.68047383312111864     
  0.86390780055000005      -0.69285032523440571     
  0.87600412773000003      -0.69623051083987864     
  0.88757278276999996      -0.68658183953184360     
  0.89860679716000003      -0.66200247436365800     
  0.90909952440999997      -0.62196132973017459     
  0.91904464410999998      -0.56718680445459857     
  0.92843616566999998      -0.49979887806243267     
  0.93726843200999999      -0.42318905059148182     
  0.94553612289000000      -0.34190232977547053     
  0.95323425815999996      -0.26138642658685896     
  0.96035820076000000      -0.18733477471125101     
  0.96690365949000001      -0.12464356932487630     
  0.97286669161999995       -7.6253877946414014E-002
  0.97824370522000004       -4.2481090936083744E-002
  0.98303146139999997       -2.1312096727804212E-002
  0.98722707618000005       -9.4801019935410145E-003
  0.99082802228000000       -3.6478941613945623E-003
  0.99383213063999998       -1.1641028620017870E-003
  0.99623759168000003       -2.8533634495273870E-004
  0.99804295643999996       -4.6132919935874552E-005
  0.99924713745000004       -3.4618455853818964E-006
  0.99984940935000000       -4.2945656978145358E-008
