 -0.99984940935000000       0.99984940935000000     
 -0.99924713745000004       0.99924713745000004     
 -0.99804295643999996       0.99804295643999996     
 -0.99623759168000003       0.99623759168000003     
 -0.99383213063999998       0.99383213063999998     
 -0.99082802228000000       0.99082802228000000     
 -0.98722707618000005       0.98722707618000005     
 -0.98303146139999997       0.98303146139999997     
 -0.97824370522000004       0.97824370522000004     
 -0.97286669161999995       0.97286669161999995     
 -0.96690365949000001       0.96690365949000001     
 -0.96035820076000000       0.96035820076000000     
 -0.95323425815999996       0.95323425815999996     
 -0.94553612289000000       0.94553612289000000     
 -0.93726843200999999       0.93726843200999999     
 -0.92843616566999998       0.92843616566999998     
 -0.91904464410999998       0.91904464410999998     
 -0.90909952440999997       0.90909952440999997     
 -0.89860679716000003       0.89860679716000003     
 -0.88757278276999996       0.88757278276999996     
 -0.87600412773000003       0.87600412773000003     
 -0.86390780055000005       0.86390780055000005     
 -0.85129108762000005       0.85129108762000005     
 -0.83816158878000002       0.83816158878000002     
 -0.82452721272999996       0.82452721272999996     
 -0.81039617232000005       0.81039617232000005     
 -0.79577697955000004       0.79577697955000004     
 -0.78067844049000001       0.78067844049000001     
 -0.76510964992999997       0.76510964992999997     
 -0.74907998593000003       0.74907998593000003     
 -0.73259910414999996       0.73259910414999996     
 -0.71567693207000005       0.71567693207000005     
 -0.69832366296000004       0.69832366296000004     
 -0.68054974979000005       0.68054974979000005     
 -0.66236589889999997       0.66236589889999997     
 -0.64378306356000004       0.64378306356000004     
 -0.62481243737000003       0.62481243737000003     
 -0.60546544753999998       0.60546544753999998     
 -0.58575374796000002       0.58575374796000002     
 -0.56568921222000002       0.56568921222000002     
 -0.54528392645000001       0.54528392645000001     
 -0.52455018204000003       0.52455018204000003     
 -0.50350046821000005       0.50350046821000005     
 -0.48214746453000001       0.48214746453000001     
 -0.46050403324000000       0.46050403324000000     
 -0.43858321154000002       0.43858321154000002     
 -0.41639820372000003       0.41639820372000003     
 -0.39396237318999999       0.39396237318999994     
 -0.37128923445000001       0.37128923445000006     
 -0.34839244495999999       0.34839244495999999     
 -0.32528579689999998       0.32528579690000003     
 -0.30198320883000002       0.30198320883000007     
 -0.27849871735999998       0.27849871735999998     
 -0.25484646868999999       0.25484646869000005     
 -0.23104071003000001       0.23104071003000004     
 -0.20709578108999999       0.20709578109000004     
 -0.18302610539000000       0.18302610538999997     
 -0.15884618161000000       0.15884618160999997     
 -0.13457057483000001       0.13457057483000001     
 -0.11021390775999999       0.11021390775999995     
  -8.5790851964999998E-002   8.5790851965000026E-002
  -6.1316118964000001E-002   6.1316118964000021E-002
  -3.6804451425000002E-002   3.6804451424999995E-002
  -1.2270614261000000E-002   1.2270614260999957E-002
   1.2270614261000000E-002  -1.2270614261000068E-002
   3.6804451425000002E-002  -3.6804451425000106E-002
   6.1316118964000001E-002  -6.1316118963999910E-002
   8.5790851964999998E-002  -8.5790851964999915E-002
  0.11021390775999999      -0.11021390775999995     
  0.13457057483000001      -0.13457057483000012     
  0.15884618161000000      -0.15884618160999997     
  0.18302610539000000      -0.18302610538999997     
  0.20709578108999999      -0.20709578109000004     
  0.23104071003000001      -0.23104071003000004     
  0.25484646868999999      -0.25484646869000005     
  0.27849871735999998      -0.27849871735999998     
  0.30198320883000002      -0.30198320883000007     
  0.32528579689999998      -0.32528579690000003     
  0.34839244495999999      -0.34839244495999999     
  0.37128923445000001      -0.37128923445000006     
  0.39396237318999999      -0.39396237318999994     
  0.41639820372000003      -0.41639820372000003     
  0.43858321154000002      -0.43858321154000013     
  0.46050403324000000      -0.46050403323999989     
  0.48214746453000001      -0.48214746453000012     
  0.50350046821000005      -0.50350046820999994     
  0.52455018204000003      -0.52455018204000003     
  0.54528392645000001      -0.54528392645000001     
  0.56568921222000002      -0.56568921222000013     
  0.58575374796000002      -0.58575374796000013     
  0.60546544753999998      -0.60546544753999987     
  0.62481243737000003      -0.62481243737000014     
  0.64378306356000004      -0.64378306355999992     
  0.66236589889999997      -0.66236589890000008     
  0.68054974979000005      -0.68054974978999994     
  0.69832366296000004      -0.69832366296000004     
  0.71567693207000005      -0.71567693207000005     
  0.73259910414999996      -0.73259910414999996     
  0.74907998593000003      -0.74907998592999991     
  0.76510964992999997      -0.76510964992999986     
  0.78067844049000001      -0.78067844049000001     
  0.79577697955000004      -0.79577697955000004     
  0.81039617232000005      -0.81039617231999994     
  0.82452721272999996      -0.82452721273000007     
  0.83816158878000002      -0.83816158878000002     
  0.85129108762000005      -0.85129108761999994     
  0.86390780055000005      -0.86390780055000005     
  0.87600412773000003      -0.87600412772999992     
  0.88757278276999996      -0.88757278276999996     
  0.89860679716000003      -0.89860679716000003     
  0.90909952440999997      -0.90909952440999997     
  0.91904464410999998      -0.91904464410999998     
  0.92843616566999998      -0.92843616566999998     
  0.93726843200999999      -0.93726843200999999     
  0.94553612289000000      -0.94553612289000011     
  0.95323425815999996      -0.95323425815999996     
  0.96035820076000000      -0.96035820076000000     
  0.96690365949000001      -0.96690365949000001     
  0.97286669161999995      -0.97286669161999995     
  0.97824370522000004      -0.97824370522000015     
  0.98303146139999997      -0.98303146139999997     
  0.98722707618000005      -0.98722707617999994     
  0.99082802228000000      -0.99082802228000011     
  0.99383213063999998      -0.99383213063999998     
  0.99623759168000003      -0.99623759167999992     
  0.99804295643999996      -0.99804295643999996     
  0.99924713745000004      -0.99924713745000004     
  0.99984940935000000      -0.99984940934999988     
