   1.1127315602402171E-003 -0.99984940935000000              380
   5.5616453761156643E-003 -0.99924713745000004              380
   1.4448659116675412E-002 -0.99804295643999996              380
   2.7751308952361765E-002 -0.99623759168000003              380
   4.5431732920541298E-002 -0.99383213063999998              380
   6.7425747947768622E-002 -0.99082802228000000              380
   9.3618616411833389E-002 -0.98722707618000005              380
  0.12380171332945081      -0.98303146139999997              380
  0.15761052338523859      -0.97824370522000004              380
  0.19445897278162333      -0.97286669161999995              380
  0.23350254111078453      -0.96690365949000001              380
  0.27366667078406437      -0.96035820076000000              380
  0.31375378338630872      -0.95323425815999996              380
  0.35259888184620886      -0.94553612289000000              380
  0.38921238079498111      -0.93726843200999999              380
  0.42286989961144900      -0.92843616566999998              380
  0.45315455240381902      -0.91904464410999998              380
  0.47995660759313180      -0.90909952440999997              380
  0.50341778553810357      -0.89860679716000003              380
  0.52383332429664620      -0.88757278276999996              380
  0.54157766119366735      -0.87600412773000003              380
  0.55707882146923626      -0.86390780055000005              380
  0.57077633863407617      -0.85129108762000005              380
  0.58305371603586509      -0.83816158878000002              380
  0.59420840453451562      -0.82452721272999996              380
  0.60444985397457085      -0.81039617232000005              380
  0.61394498848627388      -0.79577697955000004              380
  0.62287309293453808      -0.78067844049000001              380
  0.63136157205591203      -0.76510964992999997              380
  0.63945583812124596      -0.74907998593000003              380
  0.64719638788849942      -0.73259910414999996              380
  0.65458172157406047      -0.71567693207000005              380
  0.66151340615500209      -0.69832366296000004              380
  0.66795102640876847      -0.68054974979000005              380
  0.67391609185608614      -0.66236589889999997              380
  0.67936732251621801      -0.64378306356000004              380
  0.68433566634702614      -0.62481243737000003              380
  0.68896973120193306      -0.60546544753999998              380
  0.69337589899709984      -0.58575374796000002              380
  0.69762441989235724      -0.56568921222000002              380
  0.70185975330852968      -0.54528392645000001              380
  0.70635359658471253      -0.52455018204000003              380
  0.71132462947598551      -0.50350046821000005              380
  0.71667521734271777      -0.48214746453000001              380
  0.72214608597744867      -0.46050403324000000              380
  0.72757686682416189      -0.43858321154000002              380
  0.73279338695442897      -0.41639820372000003              380
  0.73768850365187388      -0.39396237318999999              380
  0.74235659973237922      -0.37128923445000001              380
  0.74682518915281104      -0.34839244495999999              380
  0.75096548399476315      -0.32528579689999998              380
  0.75463774668694961      -0.30198320883000002              380
  0.75779032621831022      -0.27849871735999998              380
  0.76051233490991133      -0.25484646868999999              380
  0.76300218656135399      -0.23104071003000001              380
  0.76543484742810297      -0.20709578108999999              380
  0.76789870614679268      -0.18302610539000000              380
  0.77042773155634880      -0.15884618161000000              380
  0.77295350569764432      -0.13457057483000001              380
  0.77526831600929380      -0.11021390775999999              380
  0.77713175469755724       -8.5790851964999998E-002         380
  0.77839736202794463       -6.1316118964000001E-002         380
  0.77905440596878583       -3.6804451425000002E-002         380
  0.77916757277024473       -1.2270614261000000E-002         380
  0.77876361650511494        1.2270614261000000E-002         380
  0.77777265040973165        3.6804451425000002E-002         380
  0.77611184191036198        6.1316118964000001E-002         380
  0.77386503769780801        8.5790851964999998E-002         380
  0.77126438473307413       0.11021390775999999              380
  0.76839647321649818       0.13457057483000001              380
  0.76516191310240633       0.15884618161000000              380
  0.76153851740840883       0.18302610539000000              380
  0.75764795922841044       0.20709578108999999              380
  0.75371108879960436       0.23104071003000001              380
  0.74994440332960965       0.25484646868999999              380
  0.74635333698407336       0.27849871735999998              380
  0.74287445427188781       0.30198320883000002              380
  0.73956669051422197       0.32528579689999998              380
  0.73648937236809142       0.34839244495999999              380
  0.73365980287900012       0.37128923445000001              380
  0.73101411326901311       0.39396237318999999              380
  0.72843444027716697       0.41639820372000003              380
  0.72592113418536963       0.43858321154000002              380
  0.72349898422140380       0.46050403324000000              380
  0.72101242342577054       0.48214746453000001              380
  0.71821169466455337       0.50350046821000005              380
  0.71492858239135559       0.52455018204000003              380
  0.71113983156646876       0.54528392645000001              380
  0.70694750810819362       0.56568921222000002              380
  0.70248344603458812       0.58575374796000002              380
  0.69778544888174376       0.60546544753999998              380
  0.69270580851576380       0.62481243737000003              380
  0.68707332170127899       0.64378306356000004              380
  0.68107968238016137       0.66236589889999997              380
  0.67487415974495835       0.68054974979000005              380
  0.66827452865962922       0.69832366296000004              380
  0.66122191249044937       0.71567693207000005              380
  0.65381569880390966       0.73259910414999996              380
  0.64615708483535683       0.74907998593000003              380
  0.63827701874945719       0.76510964992999997              380
  0.63013240739617515       0.78067844049000001              380
  0.62162165606110142       0.79577697955000004              380
  0.61246367434163873       0.81039617232000005              380
  0.60224324776123583       0.82452721272999996              380
  0.59062401485713367       0.83816158878000002              380
  0.57739973973063152       0.85129108762000005              380
  0.56239876955481849       0.86390780055000005              380
  0.54540092637814608       0.87600412773000003              380
  0.52611327794324403       0.88757278276999996              380
  0.50421206984437594       0.89860679716000003              380
  0.47943269109963271       0.90909952440999997              380
  0.45163239382326142       0.91904464410999998              380
  0.42079266794186115       0.92843616566999998              380
  0.38702917132455933       0.93726843200999999              380
  0.35065108558972918       0.94553612289000000              380
  0.31222730825910933       0.95323425815999996              380
  0.27260453427755110       0.96035820076000000              380
  0.23284738810490244       0.96690365949000001              380
  0.19410329883108313       0.97286669161999995              380
  0.15744119785870830       0.97824370522000004              380
  0.12372961626742121       0.98303146139999997              380
   9.3588840013763983E-002  0.98722707618000005              380
   6.7411823763551579E-002  0.99082802228000000              380
   4.5423810799736938E-002  0.99383213063999998              380
   2.7746529926827600E-002  0.99623759168000003              380
   1.4446119325870420E-002  0.99804295643999996              380
   5.5606577685252739E-003  0.99924713745000004              380
   1.1125337841548294E-003  0.99984940935000000              380
   1.1124736283537634E-003 -0.99984940935000000              382
   5.5603589017183585E-003 -0.99924713745000004              382
   1.4445374025253520E-002 -0.99804295643999996              382
   2.7745342444934682E-002 -0.99623759168000003              382
   4.5423104951495694E-002 -0.99383213063999998              382
   6.7415414573336260E-002 -0.99082802228000000              382
   9.3607537457409129E-002 -0.98722707618000005              382
  0.12378734342888835      -0.98303146139999997              382
  0.15758014370435927      -0.97824370522000004              382
  0.19438233087646756      -0.97286669161999995              382
  0.23332992723898124      -0.96690365949000001              382
  0.27333704866111658      -0.96035820076000000              382
  0.31320737699087664      -0.95323425815999996              382
  0.35178202736643538      -0.94553612289000000              382
  0.38807565638695352      -0.93726843200999999              382
  0.42137262918114926      -0.92843616566999998              382
  0.45127924081716392      -0.91904464410999998              382
  0.47772493059844839      -0.90909952440999997              382
  0.50089751710284180      -0.89860679716000003              382
  0.52113911852473749      -0.88757278276999996              382
  0.53887462862280100      -0.87600412773000003              382
  0.55458505279876191      -0.86390780055000005              382
  0.56872070878106484      -0.85129108762000005              382
  0.58158406367664517      -0.83816158878000002              382
  0.59333714732467280      -0.82452721272999996              382
  0.60409211453146172      -0.81039617232000005              382
  0.61397131808911842      -0.79577697955000004              382
  0.62308187408325633      -0.78067844049000001              382
  0.63150307795017913      -0.76510964992999997              382
  0.63934988981312835      -0.74907998593000003              382
  0.64676801856843247      -0.73259910414999996              382
  0.65387210706978971      -0.71567693207000005              382
  0.66074352402502012      -0.69832366296000004              382
  0.66743470941431005      -0.68054974979000005              382
  0.67381962698955522      -0.66236589889999997              382
  0.67962594336671101      -0.64378306356000004              382
  0.68477941269063047      -0.62481243737000003              382
  0.68944878499711015      -0.60546544753999998              382
  0.69385175813097055      -0.58575374796000002              382
  0.69821123700116638      -0.56568921222000002              382
  0.70270314758424546      -0.54528392645000001              382
  0.70735207296138580      -0.52455018204000003              382
  0.71214192952771516      -0.50350046821000005              382
  0.71713439164085913      -0.48214746453000001              382
  0.72228922449392474      -0.46050403324000000              382
  0.72743155053964170      -0.43858321154000002              382
  0.73243595357517954      -0.41639820372000003              382
  0.73728932787712986      -0.39396237318999999              382
  0.74194544819697728      -0.37128923445000001              382
  0.74639577150115377      -0.34839244495999999              382
  0.75068247572688918      -0.32528579689999998              382
  0.75469335283233729      -0.30198320883000002              382
  0.75828565029451622      -0.27849871735999998              382
  0.76146128894734810      -0.25484646868999999              382
  0.76432957180095806      -0.23104071003000001              382
  0.76698412523050608      -0.20709578108999999              382
  0.76944924208848242      -0.18302610539000000              382
  0.77167758765987859      -0.15884618161000000              382
  0.77357566111405718      -0.13457057483000001              382
  0.77510117157653979      -0.11021390775999999              382
  0.77630138647937075       -8.5790851964999998E-002         382
  0.77722558663225216       -6.1316118964000001E-002         382
  0.77783415706206382       -3.6804451425000002E-002         382
  0.77802004371513589       -1.2270614261000000E-002         382
  0.77770729235633140        1.2270614261000000E-002         382
  0.77687541371596947        3.6804451425000002E-002         382
  0.77553402895044510        6.1316118964000001E-002         382
  0.77369590206973271        8.5790851964999998E-002         382
  0.77132663800653234       0.11021390775999999              382
  0.76840201142098796       0.13457057483000001              382
  0.76505425674502014       0.15884618161000000              382
  0.76151646431211129       0.18302610539000000              382
  0.75788674380983745       0.20709578108999999              382
  0.75420329261571128       0.23104071003000001              382
  0.75057260330369202       0.25484646868999999              382
  0.74711073551691165       0.27849871735999998              382
  0.74394334176235899       0.30198320883000002              382
  0.74112668185764718       0.32528579689999998              382
  0.73856602101868774       0.34839244495999999              382
  0.73606165417436065       0.37128923445000001              382
  0.73348357053861291       0.39396237318999999              382
  0.73085282364539239       0.41639820372000003              382
  0.72820599289420640       0.43858321154000002              382
  0.72550545364252794       0.46050403324000000              382
  0.72267620986077064       0.48214746453000001              382
  0.71961328339380859       0.50350046821000005              382
  0.71611408296710477       0.52455018204000003              382
  0.71199679876402999       0.54528392645000001              382
  0.70731622630472724       0.56568921222000002              382
  0.70224959937090348       0.58575374796000002              382
  0.69689969515873507       0.60546544753999998              382
  0.69136936832824059       0.62481243737000003              382
  0.68578210574040932       0.64378306356000004              382
  0.68012939766421254       0.66236589889999997              382
  0.67436186222527594       0.68054974979000005              382
  0.66840686174704111       0.69832366296000004              382
  0.66217214593497808       0.71567693207000005              382
  0.65554568241335498       0.73259910414999996              382
  0.64840951143566139       0.74907998593000003              382
  0.64077513190132485       0.76510964992999997              382
  0.63260552451749008       0.78067844049000001              382
  0.62371350627564892       0.79577697955000004              382
  0.61388881784247740       0.81039617232000005              382
  0.60292393800809108       0.82452721272999996              382
  0.59055828239564456       0.83816158878000002              382
  0.57646135122038544       0.85129108762000005              382
  0.56035210800187396       0.86390780055000005              382
  0.54210675145119969       0.87600412773000003              382
  0.52171813492115160       0.88757278276999996              382
  0.49914801222230937       0.89860679716000003              382
  0.47421731624922964       0.90909952440999997              382
  0.44666031518307464       0.91904464410999998              382
  0.41629191154548528       0.92843616566999998              382
  0.38313495749699489       0.93726843200999999              382
  0.34745702697995479       0.94553612289000000              382
  0.30977353969957511       0.95323425815999996              382
  0.27085068542138868       0.96035820076000000              382
  0.23167580627433493       0.96690365949000001              382
  0.19335822676703826       0.97286669161999995              382
  0.15697672650219299       0.97824370522000004              382
  0.12343740297579076       0.98303146139999997              382
   9.3400622115777571E-002  0.98722707618000005              382
   6.7288926577944871E-002  0.99082802228000000              382
   4.5345075948541140E-002  0.99383213063999998              382
   2.7699467080402856E-002  0.99623759168000003              382
   1.4421799732452755E-002  0.99804295643999996              382
   5.5513142416799919E-003  0.99924713745000004              382
   1.1106648308992890E-003  0.99984940935000000              382
   1.1121879630661344E-003 -0.99984940935000000              384
   5.5589352895389658E-003 -0.99924713745000004              384
   1.4441650854406671E-002 -0.99804295643999996              384
   2.7737914198941564E-002 -0.99623759168000003              384
   4.5409963345460297E-002 -0.99383213063999998              384
   6.7393852808403862E-002 -0.99082802228000000              384
   9.3574827202564465E-002 -0.98722707618000005              384
  0.12374209478239939      -0.98303146139999997              384
  0.15752264326144580      -0.97824370522000004              384
  0.19431038909424983      -0.97286669161999995              384
  0.23322806234750681      -0.96690365949000001              384
  0.27316465326304029      -0.96035820076000000              384
  0.31290146652504736      -0.95323425815999996              384
  0.35128685904604900      -0.94553612289000000              384
  0.38738858431682383      -0.93726843200999999              384
  0.42057184675926140      -0.92843616566999998              384
  0.45049710359682132      -0.91904464410999998              384
  0.47706537569597324      -0.90909952440999997              384
  0.50035228097589912      -0.89860679716000003              384
  0.52056668766898229      -0.88757278276999996              384
  0.53804810447365292      -0.87600412773000003              384
  0.55327166375725412      -0.86390780055000005              384
  0.56678357443948713      -0.85129108762000005              384
  0.57906907628808058      -0.83816158878000002              384
  0.59047667226946432      -0.82452721272999996              384
  0.60125070183063201      -0.81039617232000005              384
  0.61152770837864356      -0.79577697955000004              384
  0.62125107481485209      -0.78067844049000001              384
  0.63028524881676629      -0.76510964992999997              384
  0.63863703063645438      -0.74907998593000003              384
  0.64647307146942912      -0.73259910414999996              384
  0.65396187581976617      -0.71567693207000005              384
  0.66109750154888880      -0.69832366296000004              384
  0.66769034295784457      -0.68054974979000005              384
  0.67361457857074691      -0.66236589889999997              384
  0.67899743112129318      -0.64378306356000004              384
  0.68406542428906836      -0.62481243737000003              384
  0.68898725549719064      -0.60546544753999998              384
  0.69387029841269454      -0.58575374796000002              384
  0.69876304663633537      -0.56568921222000002              384
  0.70364080893414915      -0.54528392645000001              384
  0.70848714005161240      -0.52455018204000003              384
  0.71333538279826447      -0.50350046821000005              384
  0.71819650923153278      -0.48214746453000001              384
  0.72306008280170664      -0.46050403324000000              384
  0.72790366928312800      -0.43858321154000002              384
  0.73267635571027945      -0.41639820372000003              384
  0.73740245502538426      -0.39396237318999999              384
  0.74213185810813176      -0.37128923445000001              384
  0.74677174511369204      -0.34839244495999999              384
  0.75114731317241434      -0.32528579689999998              384
  0.75512549036826349      -0.30198320883000002              384
  0.75870605869153895      -0.27849871735999998              384
  0.76196823623887178      -0.25484646868999999              384
  0.76490284615476500      -0.23104071003000001              384
  0.76752635224266108      -0.20709578108999999              384
  0.76994829372654672      -0.18302610539000000              384
  0.77212212793113821      -0.15884618161000000              384
  0.77386340334856840      -0.13457057483000001              384
  0.77512922662511530      -0.11021390775999999              384
  0.77604780724189082       -8.5790851964999998E-002         384
  0.77675904956498554       -6.1316118964000001E-002         384
  0.77728984791451405       -3.6804451425000002E-002         384
  0.77755412266352908       -1.2270614261000000E-002         384
  0.77741693220914765        1.2270614261000000E-002         384
  0.77673405686031516        3.6804451425000002E-002         384
  0.77539902571102459        6.1316118964000001E-002         384
  0.77341210822732587        8.5790851964999998E-002         384
  0.77089075517755090       0.11021390775999999              384
  0.76799483350141318       0.13457057483000001              384
  0.76486652016540735       0.15884618161000000              384
  0.76162989806968506       0.18302610539000000              384
  0.75839078542918203       0.20709578108999999              384
  0.75523565072142973       0.23104071003000001              384
  0.75221479243010403       0.25484646868999999              384
  0.74933115082866286       0.27849871735999998              384
  0.74658272684880778       0.30198320883000002              384
  0.74394264545081745       0.32528579689999998              384
  0.74128479094479705       0.34839244495999999              384
  0.73847241613946846       0.37128923445000001              384
  0.73550312915243476       0.39396237318999999              384
  0.73248914935409071       0.41639820372000003              384
  0.72953994324852345       0.43858321154000002              384
  0.72662715329456140       0.46050403324000000              384
  0.72357844540743865       0.48214746453000001              384
  0.72018038625842573       0.50350046821000005              384
  0.71620291027891070       0.52455018204000003              384
  0.71150985547458545       0.54528392645000001              384
  0.70631762346614180       0.56568921222000002              384
  0.70092599489289309       0.58575374796000002              384
  0.69544873894022963       0.60546544753999998              384
  0.69000085736132533       0.62481243737000003              384
  0.68460651375121595       0.64378306356000004              384
  0.67913558997387657       0.66236589889999997              384
  0.67350708892680566       0.68054974979000005              384
  0.66772657989308593       0.69832366296000004              384
  0.66179886737137128       0.71567693207000005              384
  0.65569141555911903       0.73259910414999996              384
  0.64928981456551682       0.74907998593000003              384
  0.64233571750981056       0.76510964992999997              384
  0.63454507763131973       0.78067844049000001              384
  0.62573835056818194       0.79577697955000004              384
  0.61572279157836329       0.81039617232000005              384
  0.60421312135176652       0.82452721272999996              384
  0.59096038009632490       0.83816158878000002              384
  0.57585691928317018       0.85129108762000005              384
  0.55886041623103078       0.86390780055000005              384
  0.53993651633490480       0.87600412773000003              384
  0.51905897546775848       0.88757278276999996              384
  0.49615307584580703       0.89860679716000003              384
  0.47103998577279355       0.90909952440999997              384
  0.44347532478824719       0.91904464410999998              384
  0.41325267983960834       0.92843616566999998              384
  0.38030934697458157       0.93726843200999999              384
  0.34482199439829914       0.94553612289000000              384
  0.30727722746892500       0.95323425815999996              384
  0.26848025359766231       0.96035820076000000              384
  0.22947742051021233       0.96690365949000001              384
  0.19140796495637127       0.97286669161999995              384
  0.15533742047844598       0.97824370522000004              384
  0.12213333066285599       0.98303146139999997              384
   9.2417448550344117E-002  0.98722707618000005              384
   6.6587825790920402E-002  0.99082802228000000              384
   4.4877507764014925E-002  0.99383213063999998              384
   2.7415946585050675E-002  0.99623759168000003              384
   1.4274749740179792E-002  0.99804295643999996              384
   5.4947868740112251E-003  0.99924713745000004              384
   1.0993576799639181E-003  0.99984940935000000              384
   1.1020935611462288E-003 -0.99984940935000000              386
   5.5084851009430669E-003 -0.99924713745000004              386
   1.4310562573594374E-002 -0.99804295643999996              386
   2.7485832853222786E-002 -0.99623759168000003              386
   4.4995954380654637E-002 -0.99383213063999998              386
   6.6775741710631081E-002 -0.99082802228000000              386
   9.2709453200486416E-002 -0.98722707618000005              386
  0.12258887581708963      -0.98303146139999997              386
  0.15605371227024734      -0.97824370522000004              386
  0.19252876257268975      -0.97286669161999995              386
  0.23118892748808914      -0.96690365949000001              386
  0.27098649680802694      -0.96035820076000000              386
  0.31075226430393749      -0.95323425815999996              386
  0.34934272790702398      -0.94553612289000000              386
  0.38578178674963592      -0.93726843200999999              386
  0.41935594526402697      -0.92843616566999998              386
  0.44964876606122034      -0.91904464410999998              386
  0.47651855629093076      -0.90909952440999997              386
  0.50004011957533501      -0.89860679716000003              386
  0.52044791052285833      -0.88757278276999996              386
  0.53810044494881382      -0.87600412773000003              386
  0.55343783689748638      -0.86390780055000005              386
  0.56690026561155316      -0.85129108762000005              386
  0.57886487650058749      -0.83816158878000002              386
  0.58968496216162858      -0.82452721272999996              386
  0.59976943468202637      -0.81039617232000005              386
  0.60951814040030428      -0.79577697955000004              386
  0.61913537527390294      -0.78067844049000001              386
  0.62852378008863896      -0.76510964992999997              386
  0.63738236217959365      -0.74907998593000003              386
  0.64560066129661309      -0.73259910414999996              386
  0.65335867684588445      -0.71567693207000005              386
  0.66073680914778887      -0.69832366296000004              386
  0.66761721304950394      -0.68054974979000005              386
  0.67388158200176396      -0.66236589889999997              386
  0.67948153481020745      -0.64378306356000004              386
  0.68450186093825593      -0.62481243737000003              386
  0.68921454719476538      -0.60546544753999998              386
  0.69388919391201898      -0.58575374796000002              386
  0.69869901640013166      -0.56568921222000002              386
  0.70373178445142326      -0.54528392645000001              386
  0.70887543467190461      -0.52455018204000003              386
  0.71389238492747209      -0.50350046821000005              386
  0.71868433834501722      -0.48214746453000001              386
  0.72338326344161663      -0.46050403324000000              386
  0.72818962521742703      -0.43858321154000002              386
  0.73315721816950585      -0.41639820372000003              386
  0.73817342983153944      -0.39396237318999999              386
  0.74309539431975458      -0.37128923445000001              386
  0.74778219169275673      -0.34839244495999999              386
  0.75208449250105780      -0.32528579689999998              386
  0.75596627368128755      -0.30198320883000002              386
  0.75949152061867053      -0.27849871735999998              386
  0.76266425174167196      -0.25484646868999999              386
  0.76541572767594024      -0.23104071003000001              386
  0.76773493392476899      -0.20709578108999999              386
  0.76972981856960776      -0.18302610539000000              386
  0.77156418197994425      -0.15884618161000000              386
  0.77332236753151984      -0.13457057483000001              386
  0.77492755989378992      -0.11021390775999999              386
  0.77624116741297622       -8.5790851964999998E-002         386
  0.77722048880972694       -6.1316118964000001E-002         386
  0.77785126238500735       -3.6804451425000002E-002         386
  0.77804218599624175       -1.2270614261000000E-002         386
  0.77766521918829601        1.2270614261000000E-002         386
  0.77664565456159207        3.6804451425000002E-002         386
  0.77499065410421597        6.1316118964000001E-002         386
  0.77279188118766851        8.5790851964999998E-002         386
  0.77021685912304583       0.11021390775999999              386
  0.76742079184744871       0.13457057483000001              386
  0.76450557143882725       0.15884618161000000              386
  0.76157994988350286       0.18302610539000000              386
  0.75877970532702654       0.20709578108999999              386
  0.75621633257685761       0.23104071003000001              386
  0.75391744834045693       0.25484646868999999              386
  0.75178550083595541       0.27849871735999998              386
  0.74959552411317365       0.30198320883000002              386
  0.74706329077500899       0.32528579689999998              386
  0.74403669155240493       0.34839244495999999              386
  0.74063707990708894       0.37128923445000001              386
  0.73709308867866175       0.39396237318999999              386
  0.73349280849983400       0.41639820372000003              386
  0.72980929918450443       0.43858321154000002              386
  0.72607390784682702       0.46050403324000000              386
  0.72233652513049040       0.48214746453000001              386
  0.71858689214628724       0.50350046821000005              386
  0.71475772333597221       0.52455018204000003              386
  0.71065794431154272       0.54528392645000001              386
  0.70597285670635446       0.56568921222000002              386
  0.70058978860797660       0.58575374796000002              386
  0.69488006007718994       0.60546544753999998              386
  0.68925988561646867       0.62481243737000003              386
  0.68376473757378220       0.64378306356000004              386
  0.67829384579994512       0.66236589889999997              386
  0.67273559531085592       0.68054974979000005              386
  0.66693568595063357       0.69832366296000004              386
  0.66092621799769435       0.71567693207000005              386
  0.65490358081272160       0.73259910414999996              386
  0.64884736276000932       0.74907998593000003              386
  0.64244887651542437       0.76510964992999997              386
  0.63528235788196841       0.78067844049000001              386
  0.62692542620476044       0.79577697955000004              386
  0.61703315224706290       0.81039617232000005              386
  0.60539711275050978       0.82452721272999996              386
  0.59196531851321932       0.83816158878000002              386
  0.57676618908449984       0.85129108762000005              386
  0.55977428022802433       0.86390780055000005              386
  0.54085218521226797       0.87600412773000003              386
  0.51982038607371517       0.88757278276999996              386
  0.49650947396782480       0.89860679716000003              386
  0.47076174885022559       0.90909952440999997              386
  0.44243506601430171       0.91904464410999998              386
  0.41143493183495156       0.92843616566999998              386
  0.37779246941331163       0.93726843200999999              386
  0.34176367628166815       0.94553612289000000              386
  0.30389451113037641       0.95323425815999996              386
  0.26501445945307073       0.96035820076000000              386
  0.22615371910637042       0.96690365949000001              386
  0.18840424888587159       0.97286669161999995              386
  0.15276837620583206       0.97824370522000004              386
  0.12004916489386112       0.98303146139999997              386
   9.0814363190298744E-002  0.98722707618000005              386
   6.5424675332839091E-002  0.99082802228000000              386
   4.4091976580583080E-002  0.99383213063999998              386
   2.6936031962076407E-002  0.99623759168000003              386
   1.4024965642198231E-002  0.99804295643999996              386
   5.3986615175276075E-003  0.99924713745000004              386
   1.0801269748383546E-003  0.99984940935000000              386
   1.0960104999033036E-003 -0.99984940935000000              388
   5.4780927324942618E-003 -0.99924713745000004              388
   1.4231759912259410E-002 -0.99804295643999996              388
   2.7335300063823408E-002 -0.99623759168000003              388
   4.4752350243531427E-002 -0.99383213063999998              388
   6.6421635523778152E-002 -0.99082802228000000              388
   9.2233933608184715E-002 -0.98722707618000005              388
  0.12199040957457366      -0.98303146139999997              388
  0.15534182984001535      -0.97824370522000004              388
  0.19172154255778676      -0.97286669161999995              388
  0.23030284424329286      -0.96690365949000001              388
  0.27001944215559692      -0.96035820076000000              388
  0.30967013249485398      -0.95323425815999996              388
  0.34808671967653365      -0.94553612289000000              388
  0.38430436728652240      -0.93726843200999999              388
  0.41766783633837884      -0.92843616566999998              388
  0.44784240612504767      -0.91904464410999998              388
  0.47475514131046564      -0.90909952440999997              388
  0.49851649311704660      -0.89860679716000003              388
  0.51934150719390804      -0.88757278276999996              388
  0.53749274914489198      -0.87600412773000003              388
  0.55329236394080938      -0.86390780055000005              388
  0.56715085091622364      -0.85129108762000005              388
  0.57948149257558301      -0.83816158878000002              388
  0.59057591860671776      -0.82452721272999996              388
  0.60065276232914055      -0.81039617232000005              388
  0.61002886313829752      -0.79577697955000004              388
  0.61909568625110578      -0.78067844049000001              388
  0.62804401746950766      -0.76510964992999997              388
  0.63678026594285686      -0.74907998593000003              388
  0.64505459712999402      -0.73259910414999996              388
  0.65259746404477925      -0.71567693207000005              388
  0.65940818917966126      -0.69832366296000004              388
  0.66579768628600711      -0.68054974979000005              388
  0.67194618394963734      -0.66236589889999997              388
  0.67776103803948939      -0.64378306356000004              388
  0.68327244236810059      -0.62481243737000003              388
  0.68869610172775042      -0.60546544753999998              388
  0.69405467772569129      -0.58575374796000002              388
  0.69920938532032184      -0.56568921222000002              388
  0.70418037343316298      -0.54528392645000001              388
  0.70913946566217090      -0.52455018204000003              388
  0.71413705490334189      -0.50350046821000005              388
  0.71908736662119654      -0.48214746453000001              388
  0.72396730238683260      -0.46050403324000000              388
  0.72881690200045124      -0.43858321154000002              388
  0.73369817385408043      -0.41639820372000003              388
  0.73867833280470829      -0.39396237318999999              388
  0.74365675416391808      -0.37128923445000001              388
  0.74837639195414352      -0.34839244495999999              388
  0.75264571108209433      -0.32528579689999998              388
  0.75644966248818202      -0.30198320883000002              388
  0.75987001797494835      -0.27849871735999998              388
  0.76293864376337484      -0.25484646868999999              388
  0.76566140632546686      -0.23104071003000001              388
  0.76807646584896472      -0.20709578108999999              388
  0.77024027215367585      -0.18302610539000000              388
  0.77219865152000100      -0.15884618161000000              388
  0.77393270626111044      -0.13457057483000001              388
  0.77542261903409571      -0.11021390775999999              388
  0.77669160316275465       -8.5790851964999998E-002         388
  0.77767280317406740       -6.1316118964000001E-002         388
  0.77820545982345368       -3.6804451425000002E-002         388
  0.77815006500657624       -1.2270614261000000E-002         388
  0.77744926241987744        1.2270614261000000E-002         388
  0.77614007419295994        3.6804451425000002E-002         388
  0.77435785443031335        6.1316118964000001E-002         388
  0.77226044571437902        8.5790851964999998E-002         388
  0.76992870408950342       0.11021390775999999              388
  0.76742309001402609       0.13457057483000001              388
  0.76483371922959809       0.15884618161000000              388
  0.76224453057507324       0.18302610539000000              388
  0.75972549352953289       0.20709578108999999              388
  0.75732446894673799       0.23104071003000001              388
  0.75507826220887519       0.25484646868999999              388
  0.75293279103019861       0.27849871735999998              388
  0.75064631554875227       0.30198320883000002              388
  0.74792941910941879       0.32528579689999998              388
  0.74468284842941324       0.34839244495999999              388
  0.74100554393819607       0.37128923445000001              388
  0.73704351736088003       0.39396237318999999              388
  0.73299946681841588       0.41639820372000003              388
  0.72910692562303747       0.43858321154000002              388
  0.72550342412080726       0.46050403324000000              388
  0.72218606253950179       0.48214746453000001              388
  0.71897386042681433       0.50350046821000005              388
  0.71560313633462058       0.52455018204000003              388
  0.71177243676180946       0.54528392645000001              388
  0.70711762883032336       0.56568921222000002              388
  0.70162743502984637       0.58575374796000002              388
  0.69577611565237951       0.60546544753999998              388
  0.68993231742431327       0.62481243737000003              388
  0.68419803937971635       0.64378306356000004              388
  0.67860966880685603       0.66236589889999997              388
  0.67316136643390168       0.68054974979000005              388
  0.66775824995415567       0.69832366296000004              388
  0.66222935185547660       0.71567693207000005              388
  0.65646961886718602       0.73259910414999996              388
  0.65041629110214416       0.74907998593000003              388
  0.64389540581976046       0.76510964992999997              388
  0.63660292867093116       0.78067844049000001              388
  0.62814274036545326       0.79577697955000004              388
  0.61809739591617974       0.81039617232000005              388
  0.60615431252260643       0.82452721272999996              388
  0.59219095117071086       0.83816158878000002              388
  0.57623342355387508       0.85129108762000005              388
  0.55836470393233517       0.86390780055000005              388
  0.53866434623238035       0.87600412773000003              388
  0.51712488190342942       0.88757278276999996              388
  0.49359153916320081       0.89860679716000003              388
  0.46780401555737122       0.90909952440999997              388
  0.43948025334057761       0.91904464410999998              388
  0.40841488790170988       0.92843616566999998              388
  0.37460364975346749       0.93726843200999999              388
  0.33834917868310471       0.94553612289000000              388
  0.30029462609525037       0.95323425815999996              388
  0.26136808282817475       0.96035820076000000              388
  0.22265449387668462       0.96690365949000001              388
  0.18523699361277368       0.97286669161999995              388
  0.15006033582702791       0.97824370522000004              388
  0.11785484410038130       0.98303146139999997              388
   8.9127619124503329E-002  0.98722707618000005              388
   6.4200378990592680E-002  0.99082802228000000              388
   4.3264362466515681E-002  0.99383213063999998              388
   2.6429941396129857E-002  0.99623759168000003              388
   1.3761417633552828E-002  0.99804295643999996              388
   5.2972238493018426E-003  0.99924713745000004              388
   1.0598336065472159E-003  0.99984940935000000              388
   1.0971608096322590E-003 -0.99984940935000000              390
   5.4838519182682181E-003 -0.99924713745000004              390
   1.4246816204734784E-002 -0.99804295643999996              390
   2.7364629898657691E-002 -0.99623759168000003              390
   4.4801548067068868E-002 -0.99383213063999998              390
   6.6497122167551395E-002 -0.99082802228000000              390
   9.2342573918366339E-002 -0.98722707618000005              390
  0.12213803469596662      -0.98303146139999997              390
  0.15553056521951625      -0.97824370522000004              390
  0.19194670825828189      -0.97286669161999995              390
  0.23055078658623254      -0.96690365949000001              390
  0.27026683844631016      -0.96035820076000000              390
  0.30988360935972925      -0.95323425815999996              390
  0.34822190664469654      -0.94553612289000000              390
  0.38430618453255638      -0.93726843200999999              390
  0.41747526835266696      -0.92843616566999998              390
  0.44740055544116375      -0.91904464410999998              390
  0.47403102447855783      -0.90909952440999997              390
  0.49751394812679256      -0.89860679716000003              390
  0.51813404299559573      -0.88757278276999996              390
  0.53627393249062183      -0.87600412773000003              390
  0.55235782953615120      -0.86390780055000005              390
  0.56676802272502724      -0.85129108762000005              390
  0.57977291692563138      -0.83816158878000002              390
  0.59150757504366291      -0.82452721272999996              390
  0.60201138300295387      -0.81039617232000005              390
  0.61131798680370086      -0.79577697955000004              390
  0.61965494818610745      -0.78067844049000001              390
  0.62753772080173376      -0.76510964992999997              390
  0.63540327708388655      -0.74907998593000003              390
  0.64323233987756412      -0.73259910414999996              390
  0.65081105554640606      -0.71567693207000005              390
  0.65801209556607154      -0.69832366296000004              390
  0.66469854573981513      -0.68054974979000005              390
  0.67078618845438298      -0.66236589889999997              390
  0.67641529592613014      -0.64378306356000004              390
  0.68186896575565847      -0.62481243737000003              390
  0.68734862706472433      -0.60546544753999998              390
  0.69289894385780071      -0.58575374796000002              390
  0.69838666585646447      -0.56568921222000002              390
  0.70368483129543757      -0.54528392645000001              390
  0.70885964077475838      -0.52455018204000003              390
  0.71397460320969308      -0.50350046821000005              390
  0.71899923915362185      -0.48214746453000001              390
  0.72393657856978366      -0.46050403324000000              390
  0.72888009293265854      -0.43858321154000002              390
  0.73390278333588665      -0.41639820372000003              390
  0.73898024927980344      -0.39396237318999999              390
  0.74396454481134033      -0.37128923445000001              390
  0.74865733577726135      -0.34839244495999999              390
  0.75294624400268695      -0.32528579689999998              390
  0.75684955635796614      -0.30198320883000002              390
  0.76042518280158244      -0.27849871735999998              390
  0.76362734878313010      -0.25484646868999999              390
  0.76637936291866438      -0.23104071003000001              390
  0.76872891438835333      -0.20709578108999999              390
  0.77082251330880203      -0.18302610539000000              390
  0.77280324406430856      -0.15884618161000000              390
  0.77467290919402387      -0.13457057483000001              390
  0.77626749593079991      -0.11021390775999999              390
  0.77744353197706395       -8.5790851964999998E-002         390
  0.77814263452885468       -6.1316118964000001E-002         390
  0.77830036878309139       -3.6804451425000002E-002         390
  0.77788356937570535       -1.2270614261000000E-002         390
  0.77696534837151598        1.2270614261000000E-002         390
  0.77566150004770851        3.6804451425000002E-002         390
  0.77402891649548800        6.1316118964000001E-002         390
  0.77210482802259983        8.5790851964999998E-002         390
  0.76999049761991478       0.11021390775999999              390
  0.76779130055929290       0.13457057483000001              390
  0.76552722262730999       0.15884618161000000              390
  0.76316454060400529       0.18302610539000000              390
  0.76065090041407490       0.20709578108999999              390
  0.75795842529518287       0.23104071003000001              390
  0.75516735757391429       0.25484646868999999              390
  0.75242371235284522       0.27849871735999998              390
  0.74976206005582335       0.30198320883000002              390
  0.74704175578153986       0.32528579689999998              390
  0.74409958446243729       0.34839244495999999              390
  0.74091107503793308       0.37128923445000001              390
  0.73761156675628081       0.39396237318999999              390
  0.73438721783390459       0.41639820372000003              390
  0.73126233518301265       0.43858321154000002              390
  0.72802780666742917       0.46050403324000000              390
  0.72450411128065140       0.48214746453000001              390
  0.72067183959039482       0.50350046821000005              390
  0.71654540432609193       0.52455018204000003              390
  0.71215991203157591       0.54528392645000001              390
  0.70753440055363392       0.56568921222000002              390
  0.70259413136779014       0.58575374796000002              390
  0.69734012518625799       0.60546544753999998              390
  0.69195744639621315       0.62481243737000003              390
  0.68660226123907819       0.64378306356000004              390
  0.68129962069412242       0.66236589889999997              390
  0.67597603068190149       0.68054974979000005              390
  0.67051317891862350       0.69832366296000004              390
  0.66487228801917531       0.71567693207000005              390
  0.65897392265296895       0.73259910414999996              390
  0.65258294487321311       0.74907998593000003              390
  0.64543227444571161       0.76510964992999997              390
  0.63724929751115156       0.78067844049000001              390
  0.62772984045598146       0.79577697955000004              390
  0.61660571203801662       0.81039617232000005              390
  0.60373245217334170       0.82452721272999996              390
  0.58909022221444385       0.83816158878000002              390
  0.57271519882908362       0.85129108762000005              390
  0.55461578093278185       0.86390780055000005              390
  0.53477214507306858       0.87600412773000003              390
  0.51314503860048410       0.88757278276999996              390
  0.48959188887410976       0.89860679716000003              390
  0.46383167378599527       0.90909952440999997              390
  0.43554483535966043       0.91904464410999998              390
  0.40453166681380948       0.92843616566999998              390
  0.37083285728600546       0.93726843200999999              390
  0.33478929744640562       0.94553612289000000              390
  0.29704692283165363       0.95323425815999996              390
  0.25850308626045743       0.96035820076000000              390
  0.22019895347860743       0.96690365949000001              390
  0.18318240712323683       0.97286669161999995              390
  0.14838053789029576       0.97824370522000004              390
  0.11651899224994809       0.98303146139999997              390
   8.8103999384154918E-002  0.98722707618000005              390
   6.3454756778973817E-002  0.99082802228000000              390
   4.2757960599567831E-002  0.99383213063999998              390
   2.6119230364330472E-002  0.99623759168000003              390
   1.3599350420394108E-002  0.99804295643999996              390
   5.2348179259756314E-003  0.99924713745000004              390
   1.0473487889845917E-003  0.99984940935000000              390
   1.0962945385947379E-003 -0.99984940935000000              392
   5.4795207412871747E-003 -0.99924713745000004              392
   1.4235491888087501E-002 -0.99804295643999996              392
   2.7342335843099554E-002 -0.99623759168000003              392
   4.4762819828501832E-002 -0.99383213063999998              392
   6.6433021538996606E-002 -0.99082802228000000              392
   9.2237737353056987E-002 -0.98722707618000005              392
  0.12196748468185249      -0.98303146139999997              392
  0.15525834950091158      -0.97824370522000004              392
  0.19153003095260293      -0.97286669161999995              392
  0.22995386616171656      -0.96690365949000001              392
  0.26948543119401508      -0.96035820076000000              392
  0.30897139661001893      -0.95323425815999996              392
  0.34729875009520789      -0.94553612289000000              392
  0.38353203930795016      -0.93726843200999999              392
  0.41700081401744998      -0.92843616566999998              392
  0.44733040550298953      -0.91904464410999998              392
  0.47442162299682011      -0.90909952440999997              392
  0.49838568217330242      -0.89860679716000003              392
  0.51945641162139677      -0.88757278276999996              392
  0.53792048012186322      -0.87600412773000003              392
  0.55408504716643103      -0.86390780055000005              392
  0.56826186586915295      -0.85129108762000005              392
  0.58075477069844283      -0.83816158878000002              392
  0.59185521076852532      -0.82452721272999996              392
  0.60182571050912526      -0.81039617232000005              392
  0.61090221696615676      -0.79577697955000004              392
  0.61932295486061562      -0.78067844049000001              392
  0.62730810886758770      -0.76510964992999997              392
  0.63507157489826072      -0.74907998593000003              392
  0.64278304360174510      -0.73259910414999996              392
  0.65032960716855726      -0.71567693207000005              392
  0.65743143745312693      -0.69832366296000004              392
  0.66396108130944209      -0.68054974979000005              392
  0.66990930941024274      -0.66236589889999997              392
  0.67541201913129634      -0.64378306356000004              392
  0.68073694935211582      -0.62481243737000003              392
  0.68604699837512761      -0.60546544753999998              392
  0.69133242276319262      -0.58575374796000002              392
  0.69661280621084443      -0.56568921222000002              392
  0.70199124487976416      -0.54528392645000001              392
  0.70742599173654930      -0.52455018204000003              392
  0.71283021743276320      -0.50350046821000005              392
  0.71826521721356984      -0.48214746453000001              392
  0.72370844575629911      -0.46050403324000000              392
  0.72892847339575384      -0.43858321154000002              392
  0.73378058154271519      -0.41639820372000003              392
  0.73838149906368400      -0.39396237318999999              392
  0.74293246056039230      -0.37128923445000001              392
  0.74752865137055935      -0.34839244495999999              392
  0.75211833914844184      -0.32528579689999998              392
  0.75655073096398151      -0.30198320883000002              392
  0.76065439500934895      -0.27849871735999998              392
  0.76430896987500296      -0.25484646868999999              392
  0.76744581710820337      -0.23104071003000001              392
  0.77006048587723641      -0.20709578108999999              392
  0.77223187140716132      -0.18302610539000000              392
  0.77404100782310370      -0.15884618161000000              392
  0.77553457608685405      -0.13457057483000001              392
  0.77674034454470120      -0.11021390775999999              392
  0.77763602580036051       -8.5790851964999998E-002         392
  0.77814257431267564       -6.1316118964000001E-002         392
  0.77814755232758004       -3.6804451425000002E-002         392
  0.77760294180544365       -1.2270614261000000E-002         392
  0.77658063494508078        1.2270614261000000E-002         392
  0.77519502077081792        3.6804451425000002E-002         392
  0.77355562165531644        6.1316118964000001E-002         392
  0.77175695828698010        8.5790851964999998E-002         392
  0.76988915402564273       0.11021390775999999              392
  0.76800011261447720       0.13457057483000001              392
  0.76604203503221191       0.15884618161000000              392
  0.76389383525770016       0.18302610539000000              392
  0.76146207504556473       0.20709578108999999              392
  0.75880147667955111       0.23104071003000001              392
  0.75606472105204137       0.25484646868999999              392
  0.75333459930555713       0.27849871735999998              392
  0.75060404500841549       0.30198320883000002              392
  0.74784957529596729       0.32528579689999998              392
  0.74507213350260315       0.34839244495999999              392
  0.74228945272989555       0.37128923445000001              392
  0.73941337358551851       0.39396237318999999              392
  0.73627164500715914       0.41639820372000003              392
  0.73278965250689720       0.43858321154000002              392
  0.72897489653491288       0.46050403324000000              392
  0.72493729951295860       0.48214746453000001              392
  0.72090938386336145       0.50350046821000005              392
  0.71692185286023502       0.52455018204000003              392
  0.71279969196276660       0.54528392645000001              392
  0.70849242875908247       0.56568921222000002              392
  0.70400485817962055       0.58575374796000002              392
  0.69926425345405996       0.60546544753999998              392
  0.69428086668405375       0.62481243737000003              392
  0.68924536973703465       0.64378306356000004              392
  0.68423825487750467       0.66236589889999997              392
  0.67905491782524341       0.68054974979000005              392
  0.67344514417853496       0.69832366296000004              392
  0.66724543397207803       0.71567693207000005              392
  0.66033213624518872       0.73259910414999996              392
  0.65263279681629560       0.74907998593000003              392
  0.64410870238693907       0.76510964992999997              392
  0.63467429214883719       0.78067844049000001              392
  0.62418287440087483       0.79577697955000004              392
  0.61247417760978073       0.81039617232000005              392
  0.59942690444684676       0.82452721272999996              392
  0.58493161883910894       0.83816158878000002              392
  0.56886274364421618       0.85129108762000005              392
  0.55111895614998951       0.86390780055000005              392
  0.53162293332303234       0.87600412773000003              392
  0.51027315663374007       0.88757278276999996              392
  0.48692056344898904       0.89860679716000003              392
  0.46137601501030318       0.90909952440999997              392
  0.43342354530485294       0.91904464410999998              392
  0.40287335164474708       0.92843616566999998              392
  0.36968098345682576       0.93726843200999999              392
  0.33407629621446977       0.94553612289000000              392
  0.29663346484120218       0.95323425815999996              392
  0.25824323985403264       0.96035820076000000              392
  0.21998850070929829       0.96690365949000001              392
  0.18297140804529974       0.97286669161999995              392
  0.14816069205616589       0.97824370522000004              392
  0.11630390747691537       0.98303146139999997              392
   8.7912560889287839E-002  0.98722707618000005              392
   6.3300991841318030E-002  0.99082802228000000              392
   4.2647312725861794E-002  0.99383213063999998              392
   2.6049268218532821E-002  0.99623759168000003              392
   1.3562389711085199E-002  0.99804295643999996              392
   5.2205337290558368E-003  0.99924713745000004              392
   1.0444901087034233E-003  0.99984940935000000              392
   1.0934277796109157E-003 -0.99984940935000000              394
   5.4651829217639879E-003 -0.99924713745000004              394
   1.4198243292091357E-002 -0.99804295643999996              394
   2.7271115763711228E-002 -0.99623759168000003              394
   4.4647999655815486E-002 -0.99383213063999998              394
   6.6268591411236727E-002 -0.99082802228000000              394
   9.2024872352850354E-002 -0.98722707618000005              394
  0.12171910579352506      -0.98303146139999997              394
  0.15500297769416627      -0.97824370522000004              394
  0.19131114269701419      -0.97286669161999995              394
  0.22981903643213974      -0.96690365949000001              394
  0.26946152814134072      -0.96035820076000000              394
  0.30903334352811018      -0.95323425815999996              394
  0.34735623387764425      -0.94553612289000000              394
  0.38345799898503469      -0.93726843200999999              394
  0.41668991725231758      -0.92843616566999998              394
  0.44674237447092335      -0.91904464410999998              394
  0.47359346280863107      -0.90909952440999997              394
  0.49745159944885653      -0.89860679716000003              394
  0.51869135342979511      -0.88757278276999996              394
  0.53774379675834816      -0.87600412773000003              394
  0.55493165041689319      -0.86390780055000005              394
  0.57031840716662430      -0.85129108762000005              394
  0.58377864458412621      -0.83816158878000002              394
  0.59529572414654930      -0.82452721272999996              394
  0.60515977154567435      -0.81039617232000005              394
  0.61391383100289931      -0.79577697955000004              394
  0.62211677777661167      -0.78067844049000001              394
  0.63007110482400286      -0.76510964992999997              394
  0.63772723719314439      -0.74907998593000003              394
  0.64491871614872298      -0.73259910414999996              394
  0.65159947904772542      -0.71567693207000005              394
  0.65780275507749142      -0.69832366296000004              394
  0.66345923190888001      -0.68054974979000005              394
  0.66849312589488663      -0.66236589889999997              394
  0.67306913277832103      -0.64378306356000004              394
  0.67756480733849123      -0.62481243737000003              394
  0.68235832641211247      -0.60546544753999998              394
  0.68765857996905011      -0.58575374796000002              394
  0.69342129927840235      -0.56568921222000002              394
  0.69935508177358063      -0.54528392645000001              394
  0.70520179352318124      -0.52455018204000003              394
  0.71088950323974653      -0.50350046821000005              394
  0.71642704078039177      -0.48214746453000001              394
  0.72183046074086676      -0.46050403324000000              394
  0.72710973438596316      -0.43858321154000002              394
  0.73230530752879619      -0.41639820372000003              394
  0.73739942090048527      -0.39396237318999999              394
  0.74228918381688003      -0.37128923445000001              394
  0.74695397614681469      -0.34839244495999999              394
  0.75146490785250131      -0.32528579689999998              394
  0.75585691022368406      -0.30198320883000002              394
  0.76010238375284500      -0.27849871735999998              394
  0.76409935491564240      -0.25484646868999999              394
  0.76766122445402774      -0.23104071003000001              394
  0.77065974431338902      -0.20709578108999999              394
  0.77313322006874308      -0.18302610539000000              394
  0.77515264498818348      -0.15884618161000000              394
  0.77671536271962982      -0.13457057483000001              394
  0.77778465954533460      -0.11021390775999999              394
  0.77832679082303569       -8.5790851964999998E-002         394
  0.77835102204204254       -6.1316118964000001E-002         394
  0.77789558253648095       -3.6804451425000002E-002         394
  0.77700599334102638       -1.2270614261000000E-002         394
  0.77582392946083345        1.2270614261000000E-002         394
  0.77456862591188713        3.6804451425000002E-002         394
  0.77336713732034923        6.1316118964000001E-002         394
  0.77216050845505502        8.5790851964999998E-002         394
  0.77080168382207448       0.11021390775999999              394
  0.76921015392339820       0.13457057483000001              394
  0.76736300634967092       0.15884618161000000              394
  0.76521711417577065       0.18302610539000000              394
  0.76281077375473405       0.20709578108999999              394
  0.76034261767111888       0.23104071003000001              394
  0.75790955824783179       0.25484646868999999              394
  0.75537278116776230       0.27849871735999998              394
  0.75259854382733493       0.30198320883000002              394
  0.74960083660860577       0.32528579689999998              394
  0.74649914195276867       0.34839244495999999              394
  0.74338182726505531       0.37128923445000001              394
  0.74015629520594595       0.39396237318999999              394
  0.73664652129875485       0.41639820372000003              394
  0.73286433983807842       0.43858321154000002              394
  0.72906103987580828       0.46050403324000000              394
  0.72541729363227536       0.48214746453000001              394
  0.72183495802892050       0.50350046821000005              394
  0.71819177054583438       0.52455018204000003              394
  0.71446781344142107       0.54528392645000001              394
  0.71063150662027208       0.56568921222000002              394
  0.70656864768494210       0.58575374796000002              394
  0.70207076403923663       0.60546544753999998              394
  0.69697598415539297       0.62481243737000003              394
  0.69128384982495983       0.64378306356000004              394
  0.68512191720627535       0.66236589889999997              394
  0.67867864882735507       0.68054974979000005              394
  0.67199315092303691       0.69832366296000004              394
  0.66489964912231592       0.71567693207000005              394
  0.65725234574714209       0.73259910414999996              394
  0.64900222683716779       0.74907998593000003              394
  0.64013244919429313       0.76510964992999997              394
  0.63063333395217425       0.78067844049000001              394
  0.62043790962500711       0.79577697955000004              394
  0.60933303970542008       0.81039617232000005              394
  0.59695354057305738       0.82452721272999996              394
  0.58290689838303145       0.83816158878000002              394
  0.56697951235541577       0.85129108762000005              394
  0.54917942470752623       0.86390780055000005              394
  0.52958704113462418       0.87600412773000003              394
  0.50822750243123116       0.88757278276999996              394
  0.48502675326629441       0.89860679716000003              394
  0.45981099554312777       0.90909952440999997              394
  0.43234865887066437       0.91904464410999998              394
  0.40243407712053320       0.92843616566999998              394
  0.36998918332428360       0.93726843200999999              394
  0.33516714396811464       0.94553612289000000              394
  0.29842890686331575       0.95323425815999996              394
  0.26054687345925664       0.96035820076000000              394
  0.22252369341344358       0.96690365949000001              394
  0.18545454400783373       0.97286669161999995              394
  0.15037295236197296       0.97824370522000004              394
  0.11812543756434875       0.98303146139999997              394
   8.9313800452580847E-002  0.98722707618000005              394
   6.4311535308238382E-002  0.99082802228000000              394
   4.3325141183581987E-002  0.99383213063999998              394
   2.6461325851267509E-002  0.99623759168000003              394
   1.3776291232403889E-002  0.99804295643999996              394
   5.3027735563502716E-003  0.99924713745000004              394
   1.0609404191150135E-003  0.99984940935000000              394
   1.1034493887724997E-003 -0.99984940935000000              396
   5.5152723895046194E-003 -0.99924713745000004              396
   1.4328455190755929E-002 -0.99804295643999996              396
   2.7521812046291859E-002 -0.99623759168000003              396
   4.5060361097684805E-002 -0.99383213063999998              396
   6.6884145139780124E-002 -0.99082802228000000              396
   9.2881331371528889E-002 -0.98722707618000005              396
  0.12283871425403954      -0.98303146139999997              396
  0.15637145971405517      -0.97824370522000004              396
  0.19285329619005659      -0.97286669161999995              396
  0.23138887137052036      -0.96690365949000001              396
  0.27086751376412765      -0.96035820076000000              396
  0.31009763567657161      -0.95323425815999996              396
  0.34797143909846256      -0.94553612289000000              396
  0.38360006936582447      -0.93726843200999999              396
  0.41639327188736858      -0.92843616566999998              396
  0.44608715318444792      -0.91904464410999998              396
  0.47272237357371177      -0.90909952440999997              396
  0.49656320680123545      -0.89860679716000003              396
  0.51795871499685109      -0.88757278276999996              396
  0.53720681978404583      -0.87600412773000003              396
  0.55451472667004453      -0.86390780055000005              396
  0.57004432640370006      -0.85129108762000005              396
  0.58393502919411167      -0.83816158878000002              396
  0.59630812901344510      -0.82452721272999996              396
  0.60731513073384458      -0.81039617232000005              396
  0.61714280448073389      -0.79577697955000004              396
  0.62593715587875376      -0.78067844049000001              396
  0.63376610377391729      -0.76510964992999997              396
  0.64069736990767112      -0.74907998593000003              396
  0.64685526743907928      -0.73259910414999996              396
  0.65246727422247275      -0.71567693207000005              396
  0.65788167937734388      -0.69832366296000004              396
  0.66320278843500879      -0.68054974979000005              396
  0.66823227350963799      -0.66236589889999997              396
  0.67290908550006279      -0.64378306356000004              396
  0.67742809632021694      -0.62481243737000003              396
  0.68199346568452035      -0.60546544753999998              396
  0.68669951906202742      -0.58575374796000002              396
  0.69158022248627937      -0.56568921222000002              396
  0.69659688157751731      -0.54528392645000001              396
  0.70172629579483292      -0.52455018204000003              396
  0.70701908041695982      -0.50350046821000005              396
  0.71251043164977879      -0.48214746453000001              396
  0.71824761325742426      -0.46050403324000000              396
  0.72422227179724774      -0.43858321154000002              396
  0.73024156028323817      -0.41639820372000003              396
  0.73603825303137571      -0.39396237318999999              396
  0.74142363638287612      -0.37128923445000001              396
  0.74636666911644600      -0.34839244495999999              396
  0.75097009483005417      -0.32528579689999998              396
  0.75536983442656558      -0.30198320883000002              396
  0.75963819754649553      -0.27849871735999998              396
  0.76370132799819734      -0.25484646868999999              396
  0.76736506728085030      -0.23104071003000001              396
  0.77050107767225873      -0.20709578108999999              396
  0.77311437864132826      -0.18302610539000000              396
  0.77522560833557286      -0.15884618161000000              396
  0.77682214784218417      -0.13457057483000001              396
  0.77787801440907867      -0.11021390775999999              396
  0.77839267405033419       -8.5790851964999998E-002         396
  0.77843900457359605       -6.1316118964000001E-002         396
  0.77812799644180031       -3.6804451425000002E-002         396
  0.77753481267014068       -1.2270614261000000E-002         396
  0.77671495179428152        1.2270614261000000E-002         396
  0.77573363192293954        3.6804451425000002E-002         396
  0.77462929834791683        6.1316118964000001E-002         396
  0.77340064551501875        8.5790851964999998E-002         396
  0.77201885152319083       0.11021390775999999              396
  0.77044986415825201       0.13457057483000001              396
  0.76868790274886700       0.15884618161000000              396
  0.76676251652306215       0.18302610539000000              396
  0.76469032351298794       0.20709578108999999              396
  0.76246344462144844       0.23104071003000001              396
  0.76007671507679953       0.25484646868999999              396
  0.75748834014680166       0.27849871735999998              396
  0.75459466419127041       0.30198320883000002              396
  0.75131365489769875       0.32528579689999998              396
  0.74766632301328662       0.34839244495999999              396
  0.74379133227978700       0.37128923445000001              396
  0.73996977112413642       0.39396237318999999              396
  0.73645975248617235       0.41639820372000003              396
  0.73320140093567310       0.43858321154000002              396
  0.73004861757089123       0.46050403324000000              396
  0.72698454400145673       0.48214746453000001              396
  0.72395524613296813       0.50350046821000005              396
  0.72077546080810007       0.52455018204000003              396
  0.71716337404043551       0.54528392645000001              396
  0.71286891293151711       0.56568921222000002              396
  0.70784065459544632       0.58575374796000002              396
  0.70222424096236902       0.60546544753999998              396
  0.69607745383359754       0.62481243737000003              396
  0.68937063352445593       0.64378306356000004              396
  0.68227526501994551       0.66236589889999997              396
  0.67514513332723991       0.68054974979000005              396
  0.66811690514754285       0.69832366296000004              396
  0.66100803528765761       0.71567693207000005              396
  0.65361106277333303       0.73259910414999996              396
  0.64583236864712479       0.74907998593000003              396
  0.63753509937704178       0.76510964992999997              396
  0.62849515680663581       0.78067844049000001              396
  0.61854909206916053       0.79577697955000004              396
  0.60756105950685446       0.81039617232000005              396
  0.59522967827786344       0.82452721272999996              396
  0.58121431737567530       0.83816158878000002              396
  0.56534061714284489       0.85129108762000005              396
  0.54760873309872871       0.86390780055000005              396
  0.52817261045925068       0.87600412773000003              396
  0.50717517888835162       0.88757278276999996              396
  0.48454467224172443       0.89860679716000003              396
  0.46000443402377811       0.90909952440999997              396
  0.43321028558501323       0.91904464410999998              396
  0.40387984917588815       0.92843616566999998              396
  0.37190016519900210       0.93726843200999999              396
  0.33741898541566984       0.94553612289000000              396
  0.30089887612274679       0.95323425815999996              396
  0.26310830812367286       0.96035820076000000              396
  0.22504533762993906       0.96690365949000001              396
  0.18781049457421994       0.97286669161999995              396
  0.15245863395316586       0.97824370522000004              396
  0.11987164524884356       0.98303146139999997              396
   9.0692335430484217E-002  0.98722707618000005              396
   6.5331336067649140E-002  0.99082802228000000              396
   4.4022759229598522E-002  0.99383213063999998              396
   2.6890647773194228E-002  0.99623759168000003              396
   1.4000478244015827E-002  0.99804295643999996              396
   5.3891321375392929E-003  0.99924713745000004              396
   1.0782187772511199E-003  0.99984940935000000              396
   1.1126085524479012E-003 -0.99984940935000000              398
   5.5610567351447454E-003 -0.99924713745000004              398
   1.4447418824352362E-002 -0.99804295643999996              398
   2.7750297286575631E-002 -0.99623759168000003              398
   4.5434220468986847E-002 -0.99383213063999998              398
   6.7438313368733585E-002 -0.99082802228000000              398
   9.3649398151850596E-002 -0.98722707618000005              398
  0.12385280384363380      -0.98303146139999997              398
  0.15766238367378227      -0.97824370522000004              398
  0.19444957502079738      -0.97286669161999995              398
  0.23331174474881050      -0.96690365949000001              398
  0.27312090941885853      -0.96035820076000000              398
  0.31265930211426279      -0.95323425815999996              398
  0.35079730065776893      -0.94553612289000000              398
  0.38664559118130365      -0.93726843200999999              398
  0.41963310885606930      -0.92843616566999998              398
  0.44950348038001781      -0.91904464410999998              398
  0.47625888146299467      -0.90909952440999997              398
  0.50008221440635758      -0.89860679716000003              398
  0.52124198487268214      -0.88757278276999996              398
  0.54000229957004620      -0.87600412773000003              398
  0.55658699164485470      -0.86390780055000005              398
  0.57118949967012689      -0.85129108762000005              398
  0.58399566988298035      -0.83816158878000002              398
  0.59523040209891487      -0.82452721272999996              398
  0.60519336659237544      -0.81039617232000005              398
  0.61424690245801206      -0.79577697955000004              398
  0.62272689702864525      -0.78067844049000001              398
  0.63078431459496220      -0.76510964992999997              398
  0.63842695710892983      -0.74907998593000003              398
  0.64566098864021315      -0.73259910414999996              398
  0.65240463855248831      -0.71567693207000005              398
  0.65855962892938247      -0.69832366296000004              398
  0.66413409738607743      -0.68054974979000005              398
  0.66918668809357884      -0.66236589889999997              398
  0.67381780946018133      -0.64378306356000004              398
  0.67815445885304515      -0.62481243737000003              398
  0.68233578162528741      -0.60546544753999998              398
  0.68653991095834954      -0.58575374796000002              398
  0.69088088768121625      -0.56568921222000002              398
  0.69541611123283387      -0.54528392645000001              398
  0.70021829858976026      -0.52455018204000003              398
  0.70525682525538014      -0.50350046821000005              398
  0.71046961489028093      -0.48214746453000001              398
  0.71582817232246310      -0.46050403324000000              398
  0.72139712945262824      -0.43858321154000002              398
  0.72733395423801583      -0.41639820372000003              398
  0.73346605908044615      -0.39396237318999999              398
  0.73937046200390599      -0.37128923445000001              398
  0.74479708949170498      -0.34839244495999999              398
  0.74978373584730218      -0.32528579689999998              398
  0.75448467178596568      -0.30198320883000002              398
  0.75899335179719285      -0.27849871735999998              398
  0.76323898499512732      -0.25484646868999999              398
  0.76706508064771206      -0.23104071003000001              398
  0.77036427420754583      -0.20709578108999999              398
  0.77306455011412833      -0.18302610539000000              398
  0.77515191789795368      -0.15884618161000000              398
  0.77668124640749103      -0.13457057483000001              398
  0.77770920703792346      -0.11021390775999999              398
  0.77828934927594040       -8.5790851964999998E-002         398
  0.77849238403017351       -6.1316118964000001E-002         398
  0.77839919999147833       -3.6804451425000002E-002         398
  0.77811012972083504       -1.2270614261000000E-002         398
  0.77773722333714623        1.2270614261000000E-002         398
  0.77732855252011912        3.6804451425000002E-002         398
  0.77682046709509622        6.1316118964000001E-002         398
  0.77606111394305100        8.5790851964999998E-002         398
  0.77486482403454449       0.11021390775999999              398
  0.77313005739561957       0.13457057483000001              398
  0.77091589572622887       0.15884618161000000              398
  0.76841658162395632       0.18302610539000000              398
  0.76585448605312012       0.20709578108999999              398
  0.76331433916352576       0.23104071003000001              398
  0.76069480637140807       0.25484646868999999              398
  0.75790278501701391       0.27849871735999998              398
  0.75498288040372996       0.30198320883000002              398
  0.75198111646672072       0.32528579689999998              398
  0.74882814394473185       0.34839244495999999              398
  0.74547031614901782       0.37128923445000001              398
  0.74203572488594427       0.39396237318999999              398
  0.73869648284432088       0.41639820372000003              398
  0.73546034721374642       0.43858321154000002              398
  0.73222656788703777       0.46050403324000000              398
  0.72884626928137031       0.48214746453000001              398
  0.72512334929099931       0.50350046821000005              398
  0.72089157365323631       0.52455018204000003              398
  0.71604579862040085       0.54528392645000001              398
  0.71061732225999263       0.56568921222000002              398
  0.70477259295501637       0.58575374796000002              398
  0.69859965992411543       0.60546544753999998              398
  0.69210870229184662       0.62481243737000003              398
  0.68545042447315307       0.64378306356000004              398
  0.67886079555836532       0.66236589889999997              398
  0.67236241556351684       0.68054974979000005              398
  0.66582093997023917       0.69832366296000004              398
  0.65908379602875156       0.71567693207000005              398
  0.65196651037666342       0.73259910414999996              398
  0.64432234214600914       0.74907998593000003              398
  0.63607476736756774       0.76510964992999997              398
  0.62713827515514631       0.78067844049000001              398
  0.61733593058765834       0.79577697955000004              398
  0.60642920280570856       0.81039617232000005              398
  0.59421005461681686       0.82452721272999996              398
  0.58053349514858399       0.83816158878000002              398
  0.56531959079167848       0.85129108762000005              398
  0.54850663589243775       0.86390780055000005              398
  0.53000078561833452       0.87600412773000003              398
  0.50966343050840723       0.88757278276999996              398
  0.48731072567303163       0.89860679716000003              398
  0.46272310818553136       0.90909952440999997              398
  0.43566858371551659       0.91904464410999998              398
  0.40596029165451758       0.92843616566999998              398
  0.37355149323758402       0.93726843200999999              398
  0.33863576826873609       0.94553612289000000              398
  0.30171176715205800       0.95323425815999996              398
  0.26357993525832313       0.96035820076000000              398
  0.22526279884120881       0.96690365949000001              398
  0.18786902453436125       0.97286669161999995              398
  0.15244075403624574       0.97824370522000004              398
  0.11983259137127035       0.98303146139999997              398
   9.0658660308514202E-002  0.98722707618000005              398
   6.5309749950007753E-002  0.99082802228000000              398
   4.4011030578249552E-002  0.99383213063999998              398
   2.6884867952259368E-002  0.99623759168000003              398
   1.3997869671416942E-002  0.99804295643999996              398
   5.3881845771733272E-003  0.99924713745000004              398
   1.0780311155164453E-003  0.99984940935000000              398
   1.1246508547753239E-003 -0.99984940935000000              400
   5.6212561108303109E-003 -0.99924713745000004              400
   1.4603847048913798E-002 -0.99804295643999996              400
   2.8050607075218420E-002 -0.99623759168000003              400
   4.5924351750515228E-002 -0.99383213063999998              400
   6.8158938276053918E-002 -0.99082802228000000              400
   9.4629057751116838E-002 -0.98722707618000005              400
  0.12509927432456322      -0.98303146139999997              400
  0.15915865765573400      -0.97824370522000004              400
  0.19616240046591174      -0.97286669161999995              400
  0.23521093840164906      -0.96690365949000001              400
  0.27519277341902204      -0.96035820076000000              400
  0.31490020397235924      -0.95323425815999996              400
  0.35319654165463299      -0.94553612289000000              400
  0.38917723013871197      -0.93726843200999999              400
  0.42225993514754251      -0.92843616566999998              400
  0.45218047805987438      -0.91904464410999998              400
  0.47892505115877099      -0.90909952440999997              400
  0.50264800591675041      -0.89860679716000003              400
  0.52361123171547008      -0.88757278276999996              400
  0.54213239997556983      -0.87600412773000003              400
  0.55849803183619162      -0.86390780055000005              400
  0.57289563124136589      -0.85129108762000005              400
  0.58547878437791578      -0.83816158878000002              400
  0.59647959974701203      -0.82452721272999996              400
  0.60622959963657463      -0.81039617232000005              400
  0.61500831740279593      -0.79577697955000004              400
  0.62296415005916106      -0.78067844049000001              400
  0.63023806994842158      -0.76510964992999997              400
  0.63701295094294175      -0.74907998593000003              400
  0.64342440037704984      -0.73259910414999996              400
  0.64956996046008786      -0.71567693207000005              400
  0.65556726581657188      -0.69832366296000004              400
  0.66148380471128720      -0.68054974979000005              400
  0.66728109237478839      -0.66236589889999997              400
  0.67286572816884516      -0.64378306356000004              400
  0.67812468589985264      -0.62481243737000003              400
  0.68297156698803274      -0.60546544753999998              400
  0.68741427990770165      -0.58575374796000002              400
  0.69154554816713665      -0.56568921222000002              400
  0.69558399257342041      -0.54528392645000001              400
  0.69984254042950655      -0.52455018204000003              400
  0.70447048415695124      -0.50350046821000005              400
  0.70944147541300162      -0.48214746453000001              400
  0.71471529197457184      -0.46050403324000000              400
  0.72022410956689809      -0.43858321154000002              400
  0.72574954044101914      -0.41639820372000003              400
  0.73115178349888632      -0.39396237318999999              400
  0.73654172931223227      -0.37128923445000001              400
  0.74199229165418035      -0.34839244495999999              400
  0.74744555564190096      -0.32528579689999998              400
  0.75273931520625836      -0.30198320883000002              400
  0.75769653462780895      -0.27849871735999998              400
  0.76227425066547516      -0.25484646868999999              400
  0.76644863142526365      -0.23104071003000001              400
  0.77007182406095276      -0.20709578108999999              400
  0.77297250238690363      -0.18302610539000000              400
  0.77513354774918930      -0.15884618161000000              400
  0.77669388708880449      -0.13457057483000001              400
  0.77780981627315160      -0.11021390775999999              400
  0.77858370206255911       -8.5790851964999998E-002         400
  0.77908144294312442       -6.1316118964000001E-002         400
  0.77935450336155498       -3.6804451425000002E-002         400
  0.77948327564261310       -1.2270614261000000E-002         400
  0.77953791377786508        1.2270614261000000E-002         400
  0.77948155794516549        3.6804451425000002E-002         400
  0.77914469598794023        6.1316118964000001E-002         400
  0.77829444751913068        8.5790851964999998E-002         400
  0.77677864429245369       0.11021390775999999              400
  0.77462677607062858       0.13457057483000001              400
  0.77202800418714645       0.15884618161000000              400
  0.76923824716689315       0.18302610539000000              400
  0.76648316819133622       0.20709578108999999              400
  0.76385261378667790       0.23104071003000001              400
  0.76131001939584786       0.25484646868999999              400
  0.75877870654183022       0.27849871735999998              400
  0.75615259538827839       0.30198320883000002              400
  0.75334386196679748       0.32528579689999998              400
  0.75035656786478988       0.34839244495999999              400
  0.74721468011477110       0.37128923445000001              400
  0.74386588730840664       0.39396237318999999              400
  0.74025181714376564       0.41639820372000003              400
  0.73640660008311876       0.43858321154000002              400
  0.73227871260268695       0.46050403324000000              400
  0.72771575470706107       0.48214746453000001              400
  0.72272143617796147       0.50350046821000005              400
  0.71736297479424027       0.52455018204000003              400
  0.71173755641083436       0.54528392645000001              400
  0.70608486304601881       0.56568921222000002              400
  0.70055275169469711       0.58575374796000002              400
  0.69518227905873220       0.60546544753999998              400
  0.68999213406558801       0.62481243737000003              400
  0.68481822875429732       0.64378306356000004              400
  0.67939605482740473       0.66236589889999997              400
  0.67359563565800662       0.68054974979000005              400
  0.66733674578834956       0.69832366296000004              400
  0.66053900915545238       0.71567693207000005              400
  0.65320989678224883       0.73259910414999996              400
  0.64531650378821703       0.74907998593000003              400
  0.63671320985672664       0.76510964992999997              400
  0.62723794480204775       0.78067844049000001              400
  0.61679180730272631       0.79577697955000004              400
  0.60532854569461025       0.81039617232000005              400
  0.59275367169854210       0.82452721272999996              400
  0.57892192936768105       0.83816158878000002              400
  0.56379524071486808       0.85129108762000005              400
  0.54744305341139909       0.86390780055000005              400
  0.52978483617474004       0.87600412773000003              400
  0.51047363273756707       0.88757278276999996              400
  0.48903556707766366       0.89860679716000003              400
  0.46502807049756689       0.90909952440999997              400
  0.43812986000904935       0.91904464410999998              400
  0.40819885268823380       0.92843616566999998              400
  0.37531410590793052       0.93726843200999999              400
  0.33981137041035686       0.94553612289000000              400
  0.30230779413738884       0.95323425815999996              400
  0.26368667907253707       0.96035820076000000              400
  0.22501905752900656       0.96690365949000001              400
  0.18742789625455336       0.97286669161999995              400
  0.15193666687832633       0.97824370522000004              400
  0.11935959101038966       0.98303146139999997              400
   9.0266784119570731E-002  0.98722707618000005              400
   6.5014941101844512E-002  0.99082802228000000              400
   4.3808718227905219E-002  0.99383213063999998              400
   2.6760530677402739E-002  0.99623759168000003              400
   1.3933064049462320E-002  0.99804295643999996              400
   5.3632501225973298E-003  0.99924713745000004              400
   1.0730442548662316E-003  0.99984940935000000              400
