   1.1520317703311541E-003 -0.99984940935000000                0
   5.7580751372220606E-003 -0.99924713745000004                0
   1.4959033997856891E-002 -0.99804295643999996                0
   2.8732186433387132E-002 -0.99623759168000003                0
   4.7040384098841599E-002 -0.99383213063999998                0
   6.9822920807898994E-002 -0.99082802228000000                0
   9.6974304693417876E-002 -0.98722707618000005                0
  0.12830488333879547      -0.98303146139999997                0
  0.16348158186488268      -0.97824370522000004                0
  0.20195861524985700      -0.97286669161999995                0
  0.24292459000512651      -0.96690365949000001                0
  0.28530271055328071      -0.96035820076000000                0
  0.32783085388605748      -0.95323425815999996                0
  0.36921648873833418      -0.94553612289000000                0
  0.40832395288579504      -0.93726843200999999                0
  0.44432988460395356      -0.92843616566999998                0
  0.47678994437057970      -0.91904464410999998                0
  0.50559668383471779      -0.90909952440999997                0
  0.53086312599194885      -0.89860679716000003                0
  0.55280698112341198      -0.88757278276999996                0
  0.57169037791798372      -0.87600412773000003                0
  0.58781333707018191      -0.86390780055000005                0
  0.60154489146494394      -0.85129108762000005                0
  0.61335735176543404      -0.83816158878000002                0
  0.62377865459276682      -0.82452721272999996                0
  0.63325407031925629      -0.81039617232000005                0
  0.64204924115720619      -0.79577697955000004                0
  0.65023544962110191      -0.78067844049000001                0
  0.65772368407671034      -0.76510964992999997                0
  0.66438649807499905      -0.74907998593000003                0
  0.67013813755688800      -0.73259910414999996                0
  0.67502168988660760      -0.71567693207000005                0
  0.67929273557671155      -0.69832366296000004                0
  0.68325219966651807      -0.68054974979000005                0
  0.68714240151263239      -0.66236589889999997                0
  0.69106162821247463      -0.64378306356000004                0
  0.69487779012441964      -0.62481243737000003                0
  0.69834647381839843      -0.60546544753999998                0
  0.70127032193989502      -0.58575374796000002                0
  0.70370003295541195      -0.56568921222000002                0
  0.70589166769140621      -0.54528392645000001                0
  0.70809598125457862      -0.52455018204000003                0
  0.71052569849290248      -0.50350046821000005                0
  0.71329448973822673      -0.48214746453000001                0
  0.71629258042259070      -0.46050403324000000                0
  0.71930117159392626      -0.43858321154000002                0
  0.72229006288424458      -0.41639820372000003                0
  0.72539696525015585      -0.39396237318999999                0
  0.72867571656746932      -0.37128923445000001                0
  0.73209418470973830      -0.34839244495999999                0
  0.73554266165363447      -0.32528579689999998                0
  0.73879278559369865      -0.30198320883000002                0
  0.74169512418536687      -0.27849871735999998                0
  0.74426459479418650      -0.25484646868999999                0
  0.74651701211406041      -0.23104071003000001                0
  0.74843039705024417      -0.20709578108999999                0
  0.74996500657780818      -0.18302610539000000                0
  0.75112922303513896      -0.15884618161000000                0
  0.75197250821380712      -0.13457057483000001                0
  0.75257565976262952      -0.11021390775999999                0
  0.75311719503821617       -8.5790851964999998E-002           0
  0.75380375235996278       -6.1316118964000001E-002           0
  0.75472327750564627       -3.6804451425000002E-002           0
  0.75576752690618298       -1.2270614261000000E-002           0
  0.75670478648466255        1.2270614261000000E-002           0
  0.75734157128793234        3.6804451425000002E-002           0
  0.75761536861538825        6.1316118964000001E-002           0
  0.75755293777571386        8.5790851964999998E-002           0
  0.75722202079773837       0.11021390775999999                0
  0.75677277151567446       0.13457057483000001                0
  0.75640674761715354       0.15884618161000000                0
  0.75619344019765100       0.18302610539000000                0
  0.75595816400023641       0.20709578108999999                0
  0.75543263816620054       0.23104071003000001                0
  0.75444626351581290       0.25484646868999999                0
  0.75287773934952751       0.27849871735999998                0
  0.75056557633526189       0.30198320883000002                0
  0.74744597591440520       0.32528579689999998                0
  0.74364885128286806       0.34839244495999999                0
  0.73931074176453182       0.37128923445000001                0
  0.73453646212682633       0.39396237318999999                0
  0.72947248151603450       0.41639820372000003                0
  0.72434502613550689       0.43858321154000002                0
  0.71936377062514401       0.46050403324000000                0
  0.71452024878893983       0.48214746453000001                0
  0.70972080109768665       0.50350046821000005                0
  0.70493168622081570       0.52455018204000003                0
  0.70014083140539507       0.54528392645000001                0
  0.69532034312831859       0.56568921222000002                0
  0.69044077361803557       0.58575374796000002                0
  0.68555952362160599       0.60546544753999998                0
  0.68094681025789594       0.62481243737000003                0
  0.67680957295723432       0.64378306356000004                0
  0.67298310414848272       0.66236589889999997                0
  0.66909760058221612       0.68054974979000005                0
  0.66488125929665520       0.69832366296000004                0
  0.66028541129473939       0.71567693207000005                0
  0.65544376008563510       0.73259910414999996                0
  0.65052128752180904       0.74907998593000003                0
  0.64548094059488315       0.76510964992999997                0
  0.64003128830223610       0.78067844049000001                0
  0.63384385085876327       0.79577697955000004                0
  0.62667200085450370       0.81039617232000005                0
  0.61822783752866672       0.82452721272999996                0
  0.60815986508769204       0.83816158878000002                0
  0.59620799942886771       0.85129108762000005                0
  0.58224060958082424       0.86390780055000005                0
  0.56613782496351150       0.87600412773000003                0
  0.54768744785787771       0.88757278276999996                0
  0.52655495844036015       0.89860679716000003                0
  0.50231345003501615       0.90909952440999997                0
  0.47453196497919486       0.91904464410999998                0
  0.44292893531998578       0.92843616566999998                0
  0.40754639996793351       0.93726843200999999                0
  0.36885932990068204       0.94553612289000000                0
  0.32776309880321042       0.95323425815999996                0
  0.28544999733899795       0.96035820076000000                0
  0.24323128417678830       0.96690365949000001                0
  0.20236361683233015       0.97286669161999995                0
  0.16391879786981839       0.97824370522000004                0
  0.12871656389290856       0.98303146139999997                0
   9.7321952572672621E-002  0.98722707618000005                0
   7.0089483940792688E-002  0.99082802228000000                0
   4.7225829119978517E-002  0.99383213063999998                0
   2.8847051888227834E-002  0.99623759168000003                0
   1.5019116411338889E-002  0.99804295643999996                0
   5.7812203006387388E-003  0.99924713745000004                0
   1.1566618666603676E-003  0.99984940935000000                0
