   1.1246508547753239E-003 -0.99984940935000000                0
   5.6212561108303109E-003 -0.99924713745000004                0
   1.4603847048913798E-002 -0.99804295643999996                0
   2.8050607075218420E-002 -0.99623759168000003                0
   4.5924351750515228E-002 -0.99383213063999998                0
   6.8158938276053918E-002 -0.99082802228000000                0
   9.4629057751116838E-002 -0.98722707618000005                0
  0.12509927432456322      -0.98303146139999997                0
  0.15915865765573400      -0.97824370522000004                0
  0.19616240046591174      -0.97286669161999995                0
  0.23521093840164906      -0.96690365949000001                0
  0.27519277341902204      -0.96035820076000000                0
  0.31490020397235924      -0.95323425815999996                0
  0.35319654165463299      -0.94553612289000000                0
  0.38917723013871197      -0.93726843200999999                0
  0.42225993514754251      -0.92843616566999998                0
  0.45218047805987438      -0.91904464410999998                0
  0.47892505115877099      -0.90909952440999997                0
  0.50264800591675041      -0.89860679716000003                0
  0.52361123171547008      -0.88757278276999996                0
  0.54213239997556983      -0.87600412773000003                0
  0.55849803183619162      -0.86390780055000005                0
  0.57289563124136589      -0.85129108762000005                0
  0.58547878437791578      -0.83816158878000002                0
  0.59647959974701203      -0.82452721272999996                0
  0.60622959963657463      -0.81039617232000005                0
  0.61500831740279593      -0.79577697955000004                0
  0.62296415005916106      -0.78067844049000001                0
  0.63023806994842158      -0.76510964992999997                0
  0.63701295094294175      -0.74907998593000003                0
  0.64342440037704984      -0.73259910414999996                0
  0.64956996046008786      -0.71567693207000005                0
  0.65556726581657188      -0.69832366296000004                0
  0.66148380471128720      -0.68054974979000005                0
  0.66728109237478839      -0.66236589889999997                0
  0.67286572816884516      -0.64378306356000004                0
  0.67812468589985264      -0.62481243737000003                0
  0.68297156698803274      -0.60546544753999998                0
  0.68741427990770165      -0.58575374796000002                0
  0.69154554816713665      -0.56568921222000002                0
  0.69558399257342041      -0.54528392645000001                0
  0.69984254042950655      -0.52455018204000003                0
  0.70447048415695124      -0.50350046821000005                0
  0.70944147541300162      -0.48214746453000001                0
  0.71471529197457184      -0.46050403324000000                0
  0.72022410956689809      -0.43858321154000002                0
  0.72574954044101914      -0.41639820372000003                0
  0.73115178349888632      -0.39396237318999999                0
  0.73654172931223227      -0.37128923445000001                0
  0.74199229165418035      -0.34839244495999999                0
  0.74744555564190096      -0.32528579689999998                0
  0.75273931520625836      -0.30198320883000002                0
  0.75769653462780895      -0.27849871735999998                0
  0.76227425066547516      -0.25484646868999999                0
  0.76644863142526365      -0.23104071003000001                0
  0.77007182406095276      -0.20709578108999999                0
  0.77297250238690363      -0.18302610539000000                0
  0.77513354774918930      -0.15884618161000000                0
  0.77669388708880449      -0.13457057483000001                0
  0.77780981627315160      -0.11021390775999999                0
  0.77858370206255911       -8.5790851964999998E-002           0
  0.77908144294312442       -6.1316118964000001E-002           0
  0.77935450336155498       -3.6804451425000002E-002           0
  0.77948327564261310       -1.2270614261000000E-002           0
  0.77953791377786508        1.2270614261000000E-002           0
  0.77948155794516549        3.6804451425000002E-002           0
  0.77914469598794023        6.1316118964000001E-002           0
  0.77829444751913068        8.5790851964999998E-002           0
  0.77677864429245369       0.11021390775999999                0
  0.77462677607062858       0.13457057483000001                0
  0.77202800418714645       0.15884618161000000                0
  0.76923824716689315       0.18302610539000000                0
  0.76648316819133622       0.20709578108999999                0
  0.76385261378667790       0.23104071003000001                0
  0.76131001939584786       0.25484646868999999                0
  0.75877870654183022       0.27849871735999998                0
  0.75615259538827839       0.30198320883000002                0
  0.75334386196679748       0.32528579689999998                0
  0.75035656786478988       0.34839244495999999                0
  0.74721468011477110       0.37128923445000001                0
  0.74386588730840664       0.39396237318999999                0
  0.74025181714376564       0.41639820372000003                0
  0.73640660008311876       0.43858321154000002                0
  0.73227871260268695       0.46050403324000000                0
  0.72771575470706107       0.48214746453000001                0
  0.72272143617796147       0.50350046821000005                0
  0.71736297479424027       0.52455018204000003                0
  0.71173755641083436       0.54528392645000001                0
  0.70608486304601881       0.56568921222000002                0
  0.70055275169469711       0.58575374796000002                0
  0.69518227905873220       0.60546544753999998                0
  0.68999213406558801       0.62481243737000003                0
  0.68481822875429732       0.64378306356000004                0
  0.67939605482740473       0.66236589889999997                0
  0.67359563565800662       0.68054974979000005                0
  0.66733674578834956       0.69832366296000004                0
  0.66053900915545238       0.71567693207000005                0
  0.65320989678224883       0.73259910414999996                0
  0.64531650378821703       0.74907998593000003                0
  0.63671320985672664       0.76510964992999997                0
  0.62723794480204775       0.78067844049000001                0
  0.61679180730272631       0.79577697955000004                0
  0.60532854569461025       0.81039617232000005                0
  0.59275367169854210       0.82452721272999996                0
  0.57892192936768105       0.83816158878000002                0
  0.56379524071486808       0.85129108762000005                0
  0.54744305341139909       0.86390780055000005                0
  0.52978483617474004       0.87600412773000003                0
  0.51047363273756707       0.88757278276999996                0
  0.48903556707766366       0.89860679716000003                0
  0.46502807049756689       0.90909952440999997                0
  0.43812986000904935       0.91904464410999998                0
  0.40819885268823380       0.92843616566999998                0
  0.37531410590793052       0.93726843200999999                0
  0.33981137041035686       0.94553612289000000                0
  0.30230779413738884       0.95323425815999996                0
  0.26368667907253707       0.96035820076000000                0
  0.22501905752900656       0.96690365949000001                0
  0.18742789625455336       0.97286669161999995                0
  0.15193666687832633       0.97824370522000004                0
  0.11935959101038966       0.98303146139999997                0
   9.0266784119570731E-002  0.98722707618000005                0
   6.5014941101844512E-002  0.99082802228000000                0
   4.3808718227905219E-002  0.99383213063999998                0
   2.6760530677402739E-002  0.99623759168000003                0
   1.3933064049462320E-002  0.99804295643999996                0
   5.3632501225973298E-003  0.99924713745000004                0
   1.0730442548662316E-003  0.99984940935000000                0
