   3.3244318960885691E-004 -0.99984940935000000                0
   1.6610175031374858E-003 -0.99924713745000004                0
   4.3114057870692153E-003 -0.99804295643999996                0
   8.2702353160318560E-003 -0.99623759168000003                0
   1.3517813791295666E-002 -0.99383213063999998                0
   2.0028557884126941E-002 -0.99082802228000000                0
   2.7771541518174986E-002 -0.98722707618000005                0
   3.6711149317164814E-002 -0.98303146139999997                0
   4.6807829090866906E-002 -0.97824370522000004                0
   5.8018942960939193E-002 -0.97286669161999995                0
   7.0299704647611067E-002 -0.96690365949000001                0
   8.3604155291304202E-002 -0.96035820076000000                0
   9.7886083982574632E-002 -0.95323425815999996                0
  0.11309976727188439      -0.94553612289000000                0
  0.12920040962803617      -0.93726843200999999                0
  0.14614422294434992      -0.92843616566999998                0
  0.16388816983797075      -0.91904464410999998                0
  0.18238947371367015      -0.90909952440999997                0
  0.20160503126347531      -0.89860679716000003                0
  0.22149083982444312      -0.88757278276999996                0
  0.24200149522703018      -0.87600412773000003                0
  0.26308976317837512      -0.86390780055000005                0
  0.28470620771386074      -0.85129108762000005                0
  0.30679888417387102      -0.83816158878000002                0
  0.32931317249932790      -0.82452721272999996                0
  0.35219194234411433      -0.81039617232000005                0
  0.37537640013387008      -0.79577697955000004                0
  0.39880811897278362      -0.78067844049000001                0
  0.42243275060334295      -0.76510964992999997                0
  0.44620552533271890      -0.74907998593000003                0
  0.47009764712245322      -0.73259910414999996                0
  0.49410117307368351      -0.71567693207000005                0
  0.51822862247338297      -0.69832366296000004                0
  0.54250367146206502      -0.68054974979000005                0
  0.56694201128806931      -0.66236589889999997                0
  0.59152655723692549      -0.64378306356000004                0
  0.61618618091306343      -0.62481243737000003                0
  0.64078790641712002      -0.60546544753999998                0
  0.66514670166562961      -0.58575374796000002                0
  0.68904844406473309      -0.56568921222000002                0
  0.71227914150240734      -0.54528392645000001                0
  0.73465900763465730      -0.52455018204000003                0
  0.75607903329094961      -0.50350046821000005                0
  0.77651287610563036      -0.48214746453000001                0
  0.79595147018963308      -0.46050403324000000                0
  0.81429528793837880      -0.43858321154000002                0
  0.83141382103729944      -0.41639820372000003                0
  0.84735187007874679      -0.39396237318999999                0
  0.86230682884310106      -0.37128923445000001                0
  0.87641800655800450      -0.34839244495999999                0
  0.88970268412516018      -0.32528579689999998                0
  0.90210222797237938      -0.30198320883000002                0
  0.91349392305257238      -0.27849871735999998                0
  0.92364868802284350      -0.25484646868999999                0
  0.93220343638918990      -0.23104071003000001                0
  0.93878153786881791      -0.20709578108999999                0
  0.94307454810502533      -0.18302610539000000                0
  0.94468963524732874      -0.15884618161000000                0
  0.94333268142033078      -0.13457057483000001                0
  0.93922256493575351      -0.11021390775999999                0
  0.93281951224079629       -8.5790851964999998E-002           0
  0.92494241002819966       -6.1316118964000001E-002           0
  0.91654858635084524       -3.6804451425000002E-002           0
  0.90754187222582339       -1.2270614261000000E-002           0
  0.89805347070499730        1.2270614261000000E-002           0
  0.88894409218814907        3.6804451425000002E-002           0
  0.88035383836839876        6.1316118964000001E-002           0
  0.87227202689335170        8.5790851964999998E-002           0
  0.86443142487900226       0.11021390775999999                0
  0.85660150440032157       0.13457057483000001                0
  0.84871597529563880       0.15884618161000000                0
  0.84031388813629093       0.18302610539000000                0
  0.83113849701927833       0.20709578108999999                0
  0.82112506839644417       0.23104071003000001                0
  0.80995571607863159       0.25484646868999999                0
  0.79861896791359965       0.27849871735999998                0
  0.78818281757666142       0.30198320883000002                0
  0.77829671257995181       0.32528579689999998                0
  0.76787370763082419       0.34839244495999999                0
  0.75617569629271275       0.37128923445000001                0
  0.74355102749171365       0.39396237318999999                0
  0.73121989760846196       0.41639820372000003                0
  0.72005298510661953       0.43858321154000002                0
  0.71015180645588671       0.46050403324000000                0
  0.70127804898920187       0.48214746453000001                0
  0.69300640588347173       0.50350046821000005                0
  0.68475974741323642       0.52455018204000003                0
  0.67589928637932262       0.54528392645000001                0
  0.66600151279228970       0.56568921222000002                0
  0.65522650016740536       0.58575374796000002                0
  0.64426913433853950       0.60546544753999998                0
  0.63357984258480060       0.62481243737000003                0
  0.62362313020332238       0.64378306356000004                0
  0.61497201817272995       0.66236589889999997                0
  0.60727642120900738       0.68054974979000005                0
  0.59988566022252465       0.69832366296000004                0
  0.59265895332964880       0.71567693207000005                0
  0.58534359544308290       0.73259910414999996                0
  0.57784440428936745       0.74907998593000003                0
  0.57053541589289891       0.76510964992999997                0
  0.56373116354253583       0.78067844049000001                0
  0.55757089590987052       0.79577697955000004                0
  0.55190932723930375       0.81039617232000005                0
  0.54631793166828468       0.82452721272999996                0
  0.54049566376684055       0.83816158878000002                0
  0.53399391809915753       0.85129108762000005                0
  0.52596971424081951       0.86390780055000005                0
  0.51575132181818695       0.87600412773000003                0
  0.50310868990337465       0.88757278276999996                0
  0.48799145721648285       0.89860679716000003                0
  0.47043905955721421       0.90909952440999997                0
  0.45046562015551095       0.91904464410999998                0
  0.42779374247757485       0.92843616566999998                0
  0.40191951804942938       0.93726843200999999                0
  0.37244128669308513       0.94553612289000000                0
  0.33932150899809282       0.95323425815999996                0
  0.30297135186072149       0.96035820076000000                0
  0.26421278330874914       0.96690365949000001                0
  0.22421175023911008       0.97286669161999995                0
  0.18439371438594079       0.97824370522000004                0
  0.14628169527939092       0.98303146139999997                0
  0.11125492393282535       0.98722707618000005                0
   8.0345516009604823E-002  0.99082802228000000                0
   5.4187085858966789E-002  0.99383213063999998                0
   3.3102096677110046E-002  0.99623759168000003                0
   1.7231233659394787E-002  0.99804295643999996                0
   6.6314230577892820E-003  0.99924713745000004                0
   1.3266466347290479E-003  0.99984940935000000                0
