   3.0112449247424514E-004 -0.99984940935000000                0
   1.5051438279355971E-003 -0.99924713745000004                0
   3.9102499891353016E-003 -0.99804295643999996                0
   7.5106617969928928E-003 -0.99623759168000003                0
   1.2297701744101471E-002 -0.99383213063999998                0
   1.8259837220872027E-002 -0.99082802228000000                0
   2.5382707242267561E-002 -0.98722707618000005                0
   3.3649153108961334E-002 -0.98303146139999997                0
   4.3039260401505096E-002 -0.97824370522000004                0
   5.3530407549383242E-002 -0.97286669161999995                0
   6.5097320461903002E-002 -0.96690365949000001                0
   7.7712133432822086E-002 -0.96035820076000000                0
   9.1344456272767091E-002 -0.95323425815999996                0
  0.10596144752196654      -0.94553612289000000                0
  0.12152789356819824      -0.93726843200999999                0
  0.13800629347948154      -0.92843616566999998                0
  0.15535694934708602      -0.91904464410999998                0
  0.17353806192129281      -0.90909952440999997                0
  0.19250583130943114      -0.89860679716000003                0
  0.21221456249366663      -0.88757278276999996                0
  0.23261677541430054      -0.87600412773000003                0
  0.25366331935338238      -0.86390780055000005                0
  0.27530349134311222      -0.85129108762000005                0
  0.29748515831371181      -0.83816158878000002                0
  0.32015488268657527      -0.82452721272999996                0
  0.34325805111006130      -0.81039617232000005                0
  0.36673900602784854      -0.79577697955000004                0
  0.39054117976285913      -0.78067844049000001                0
  0.41460723079374961      -0.76510964992999997                0
  0.43887918189567288      -0.74907998593000003                0
  0.46329855981245072      -0.73259910414999996                0
  0.48780653612381797      -0.71567693207000005                0
  0.51234406896821894      -0.69832366296000004                0
  0.53685204527979158      -0.68054974979000005                0
  0.56127142319699375      -0.66236589889999997                0
  0.58554337429952685      -0.64378306356000004                0
  0.60960942533123574      -0.62481243737000003                0
  0.63341159906724331      -0.60546544753999998                0
  0.65689255398620328      -0.58575374796000002                0
  0.67999572241098227      -0.56568921222000002                0
  0.70266544678523501      -0.54528392645000001                0
  0.72484711375723665      -0.52455018204000003                0
  0.74648728574826040      -0.50350046821000005                0
  0.76753382968839068      -0.48214746453000001                0
  0.78793604260957451      -0.46050403324000000                0
  0.80764477379356037      -0.43858321154000002                0
  0.82661254318021971      -0.41639820372000003                0
  0.84479365575112275      -0.39396237318999999                0
  0.86214431161276683      -0.37128923445000001                0
  0.87862271151433124      -0.34839244495999999                0
  0.89418915754559225      -0.32528579689999998                0
  0.90880614877252308      -0.30198320883000002                0
  0.92243847158019709      -0.27849871735999998                0
  0.93505328450507919      -0.25484646868999999                0
  0.94662019735267855      -0.23104071003000001                0
  0.95711134440950330      -0.20709578108999999                0
  0.96650145157298339      -0.18302610539000000                0
  0.97476789723706159      -0.15884618161000000                0
  0.98189076678577658      -0.13457057483000001                0
  0.98785290055943986      -0.11021390775999999                0
  0.99263993516300819       -8.5790851964999998E-002           0
  0.99624033802648004       -6.1316118964000001E-002           0
  0.99864546152573053       -3.6804451425000002E-002           0
  0.99985352003589323       -1.2270614261000000E-002           0
  0.99985243147646896        1.2270614261000000E-002           0
  0.99864694519855168        3.6804451425000002E-002           0
  0.99624847567242725        6.1316118964000001E-002           0
  0.99263806354214601        8.5790851964999998E-002           0
  0.98784372486973948       0.11021390775999999                0
  0.98188181695894006       0.13457057483000001                0
  0.97476367498056693       0.15884618161000000                0
  0.96650351142830571       0.18302610539000000                0
  0.95714859926539586       0.20709578108999999                0
  0.94661056847710856       0.23104071003000001                0
  0.93501497403334444       0.25484646868999999                0
  0.92246193313453917       0.27849871735999998                0
  0.90880735367260301       0.30198320883000002                0
  0.89417410025217714       0.32528579689999998                0
  0.87861862322669004       0.34839244495999999                0
  0.86214705850669926       0.37128923445000001                0
  0.84479157143331662       0.39396237318999999                0
  0.82661115338345370       0.41639820372000003                0
  0.80764800623855426       0.43858321154000002                0
  0.78793308984138777       0.46050403324000000                0
  0.76754206076327580       0.48214746453000001                0
  0.74650485943573652       0.50350046821000005                0
  0.72484217836559428       0.52455018204000003                0
  0.70264338820038663       0.54528392645000001                0
  0.67998703294517759       0.56568921222000002                0
  0.65688783446264609       0.58575374796000002                0
  0.63339277740395805       0.60546544753999998                0
  0.60958694580143047       0.62481243737000003                0
  0.58554522056194080       0.64378306356000004                0
  0.56130610277621895       0.66236589889999997                0
  0.53688395092209029       0.68054974979000005                0
  0.51233571144926227       0.69832366296000004                0
  0.48777972921874257       0.71567693207000005                0
  0.46331207198353563       0.73259910414999996                0
  0.43889292287075216       0.74907998593000003                0
  0.41462806759186982       0.76510964992999997                0
  0.39052229601652427       0.78067844049000001                0
  0.36672850415768432       0.79577697955000004                0
  0.34327374022241158       0.81039617232000005                0
  0.32011619479203191       0.82452721272999996                0
  0.29748554859028792       0.83816158878000002                0
  0.27532397759228483       0.85129108762000005                0
  0.25368566717739566       0.86390780055000005                0
  0.23261185929700962       0.87600412773000003                0
  0.21220745981550698       0.88757278276999996                0
  0.19251333881099700       0.89860679716000003                0
  0.17354443872586783       0.90909952440999997                0
  0.15537089082114289       0.91904464410999998                0
  0.13800194894034129       0.92843616566999998                0
  0.12152111563758451       0.93726843200999999                0
  0.10595431272069226       0.94553612289000000                0
   9.1340916501555014E-002  0.95323425815999996                0
   7.7702886539585611E-002  0.96035820076000000                0
   6.5112472462145299E-002  0.96690365949000001                0
   5.3568939383604394E-002  0.97286669161999995                0
   4.3023725778038237E-002  0.97824370522000004                0
   3.3617268259666905E-002  0.98303146139999997                0
   2.5390229101652319E-002  0.98722707618000005                0
   1.8276049452443623E-002  0.99082802228000000                0
   1.2308135865228541E-002  0.99383213063999998                0
   7.5148584857369933E-003  0.99623759168000003                0
   3.9119685243258926E-003  0.99804295643999996                0
   1.5024798175058748E-003  0.99924713745000004                0
   3.0013550061316565E-004  0.99984940935000000                0
