   1.0698506715636534E-003 -0.99984940935000000                0
   5.3473324643206390E-003 -0.99924713745000004                0
   1.3892042696062116E-002 -0.99804295643999996                0
   2.6682968540627419E-002 -0.99623759168000003                0
   4.3685319270087217E-002 -0.99383213063999998                0
   6.4840900663200876E-002 -0.99082802228000000                0
   9.0046171949791046E-002 -0.98722707618000005                0
  0.11911311007671004      -0.98303146139999997                0
  0.15171444792373734      -0.97824370522000004                0
  0.18732767301763273      -0.97286669161999995                0
  0.22520408320068824      -0.96690365949000001                0
  0.26438687164995550      -0.96035820076000000                0
  0.30378230100600045      -0.95323425815999996                0
  0.34226807398108061      -0.94553612289000000                0
  0.37882111633769722      -0.93726843200999999                0
  0.41265102154462108      -0.92843616566999998                0
  0.44330826318207023      -0.91904464410999998                0
  0.47071547700521510      -0.90909952440999997                0
  0.49510258416244352      -0.89860679716000003                0
  0.51688558011704777      -0.88757278276999996                0
  0.53652208819963376      -0.87600412773000003                0
  0.55437511561745378      -0.86390780055000005                0
  0.57069008516817910      -0.85129108762000005                0
  0.58565867016823647      -0.83816158878000002                0
  0.59944260369319990      -0.82452721272999996                0
  0.61216576271102086      -0.81039617232000005                0
  0.62384115579062183      -0.79577697955000004                0
  0.63430162500208820      -0.78067844049000001                0
  0.64336109088799753      -0.76510964992999997                0
  0.65116629658413405      -0.74907998593000003                0
  0.65817973502225025      -0.73259910414999996                0
  0.66486090949275434      -0.71567693207000005                0
  0.67143744151241436      -0.69832366296000004                0
  0.67788294258571624      -0.68054974979000005                0
  0.68403614359465181      -0.66236589889999997                0
  0.68973801465549789      -0.64378306356000004                0
  0.69491030202671411      -0.62481243737000003                0
  0.69954129252114094      -0.60546544753999998                0
  0.70369164140994855      -0.58575374796000002                0
  0.70748630016998204      -0.56568921222000002                0
  0.71107504295391022      -0.54528392645000001                0
  0.71456638605458944      -0.52455018204000003                0
  0.71790230209468797      -0.50350046821000005                0
  0.72090700262569862      -0.48214746453000001                0
  0.72355767855924913      -0.46050403324000000                0
  0.72601029702501529      -0.43858321154000002                0
  0.72843983065838402      -0.41639820372000003                0
  0.73110244365843879      -0.39396237318999999                0
  0.73429062282544921      -0.37128923445000001                0
  0.73798944102152819      -0.34839244495999999                0
  0.74199920009899245      -0.32528579689999998                0
  0.74623184346808247      -0.30198320883000002                0
  0.75049221365763541      -0.27849871735999998                0
  0.75447512149817175      -0.25484646868999999                0
  0.75804152470148012      -0.23104071003000001                0
  0.76120304002243389      -0.20709578108999999                0
  0.76411571404921463      -0.18302610539000000                0
  0.76702167922666864      -0.15884618161000000                0
  0.77004016698131894      -0.13457057483000001                0
  0.77324171135767639      -0.11021390775999999                0
  0.77663402726973529       -8.5790851964999998E-002           0
  0.78010971156196174       -6.1316118964000001E-002           0
  0.78350913658303911       -3.6804451425000002E-002           0
  0.78655787856811865       -1.2270614261000000E-002           0
  0.78892242351626374        1.2270614261000000E-002           0
  0.79039293935048616        3.6804451425000002E-002           0
  0.79092006855544861        6.1316118964000001E-002           0
  0.79052667370708629        8.5790851964999998E-002           0
  0.78924134631705345       0.11021390775999999                0
  0.78711047341667340       0.13457057483000001                0
  0.78422471193259724       0.15884618161000000                0
  0.78074741232013234       0.18302610539000000                0
  0.77693977081556387       0.20709578108999999                0
  0.77304728738828332       0.23104071003000001                0
  0.76916398042184875       0.25484646868999999                0
  0.76525687035601053       0.27849871735999998                0
  0.76122406686114730       0.30198320883000002                0
  0.75689575805655274       0.32528579689999998                0
  0.75205131152493077       0.34839244495999999                0
  0.74654700639217708       0.37128923445000001                0
  0.74046354169937445       0.39396237318999999                0
  0.73411274295308582       0.41639820372000003                0
  0.72785245219741157       0.43858321154000002                0
  0.72175057250494201       0.46050403324000000                0
  0.71572174232388353       0.48214746453000001                0
  0.70992188345314122       0.50350046821000005                0
  0.70452141050504613       0.52455018204000003                0
  0.69948176192726563       0.54528392645000001                0
  0.69461375749408039       0.56568921222000002                0
  0.68968180312782734       0.58575374796000002                0
  0.68445647308183999       0.60546544753999998                0
  0.67877408260856564       0.62481243737000003                0
  0.67268892458773177       0.64378306356000004                0
  0.66636392356768148       0.66236589889999997                0
  0.65972496112884904       0.68054974979000005                0
  0.65255392090426045       0.69832366296000004                0
  0.64482075871882172       0.71567693207000005                0
  0.63678975288035300       0.73259910414999996                0
  0.62872790359145947       0.74907998593000003                0
  0.62063914762010741       0.76510964992999997                0
  0.61234019306190335       0.78067844049000001                0
  0.60357887387682585       0.79577697955000004                0
  0.59408407347275194       0.81039617232000005                0
  0.58356490901687486       0.82452721272999996                0
  0.57173643769095939       0.83816158878000002                0
  0.55836047741155070       0.85129108762000005                0
  0.54324358589366162       0.86390780055000005                0
  0.52620922233100953       0.87600412773000003                0
  0.50706194145555683       0.88757278276999996                0
  0.48555198270430572       0.89860679716000003                0
  0.46138903248027513       0.90909952440999997                0
  0.43431146990342234       0.91904464410999998                0
  0.40418430190849425       0.92843616566999998                0
  0.37109866462421537       0.93726843200999999                0
  0.33544091447247132       0.94553612289000000                0
  0.29790394067891263       0.95323425815999996                0
  0.25942830189588378       0.96035820076000000                0
  0.22108938176884668       0.96690365949000001                0
  0.18396504792852045       0.97286669161999995                0
  0.14901506868097245       0.97824370522000004                0
  0.11699798077560554       0.98303146139999997                0
   8.8444295770076689E-002  0.98722707618000005                0
   6.3684095768951010E-002  0.99082802228000000                0
   4.2904152214677999E-002  0.99383213063999998                0
   2.6205271929304802E-002  0.99623759168000003                0
   1.3643283314822939E-002  0.99804295643999996                0
   5.2516043544148881E-003  0.99924713745000004                0
   1.0507021785183988E-003  0.99984940935000000                0
