   3.0514803429896638E-004 -0.99984940935000000                0
   1.5250782204106169E-003 -0.99924713745000004                0
   3.9613497534475529E-003 -0.99804295643999996                0
   7.6068593209587722E-003 -0.99623759168000003                0
   1.2451121236556405E-002 -0.99383213063999998                0
   1.8480410021532306E-002 -0.99082802228000000                0
   2.5677840729922442E-002 -0.98722707618000005                0
   3.4023328664374429E-002 -0.98303146139999997                0
   4.3493453840022074E-002 -0.97824370522000004                0
   5.4061378488256609E-002 -0.97286669161999995                0
   6.5697039850450903E-002 -0.96690365949000001                0
   7.8367774389296763E-002 -0.96035820076000000                0
   9.2039312213114982E-002 -0.95323425815999996                0
  0.10667682119842828      -0.94553612289000000                0
  0.12224555380064400      -0.93726843200999999                0
  0.13871077045625604      -0.92843616566999998                0
  0.15603693650263467      -0.91904464410999998                0
  0.17418652715898769      -0.90909952440999997                0
  0.19311892880444662      -0.89860679716000003                0
  0.21278982434755347      -0.88757278276999996                0
  0.23315118890857389      -0.87600412773000003                0
  0.25415176912658166      -0.86390780055000005                0
  0.27573779858498537      -0.85129108762000005                0
  0.29785372775135688      -0.83816158878000002                0
  0.32044285071028444      -0.82452721272999996                0
  0.34344780911785261      -0.81039617232000005                0
  0.36681099994093774      -0.79577697955000004                0
  0.39047490976876170      -0.78067844049000001                0
  0.41438237540886869      -0.76510964992999997                0
  0.43847675944620834      -0.74907998593000003                0
  0.46270204320634689      -0.73259910414999996                0
  0.48700286765426809      -0.71567693207000005                0
  0.51132457090718364      -0.69832366296000004                0
  0.53561325866345666      -0.68054974979000005                0
  0.55981589904048557      -0.66236589889999997                0
  0.58388037574261842      -0.64378306356000004                0
  0.60775539461513195      -0.62481243737000003                0
  0.63139014756468537      -0.60546544753999998                0
  0.65473370940853082      -0.58575374796000002                0
  0.67773426667873193      -0.56568921222000002                0
  0.70033840467087938      -0.54528392645000001                0
  0.72249072920694446      -0.52455018204000003                0
  0.74413400294195009      -0.50350046821000005                0
  0.76520974500166805      -0.48214746453000001                0
  0.78565900024169999      -0.46050403324000000                0
  0.80542288629297065      -0.43858321154000002                0
  0.82444263345283564      -0.41639820372000003                0
  0.84265910989120008      -0.39396237318999999                0
  0.86001232909977310      -0.37128923445000001                0
  0.87644226234464151      -0.34839244495999999                0
  0.89189266978767867      -0.32528579689999998                0
  0.90631751488387768      -0.30198320883000002                0
  0.91968486142719652      -0.27849871735999998                0
  0.93197266334743478      -0.25484646868999999                0
  0.94315918820846900      -0.23104071003000001                0
  0.95321646577352159      -0.20709578108999999                0
  0.96210829788652785      -0.18302610539000000                0
  0.96979012173616796      -0.15884618161000000                0
  0.97621458757732382      -0.13457057483000001                0
  0.98134734463162054      -0.11021390775999999                0
  0.98519216628941575       -8.5790851964999998E-002           0
  0.98780226560564066       -6.1316118964000001E-002           0
  0.98924594768565699       -3.6804451425000002E-002           0
  0.98959656457573031       -1.2270614261000000E-002           0
  0.98902228266979086        1.2270614261000000E-002           0
  0.98786601424719589        3.6804451425000002E-002           0
  0.98652869546701205        6.1316118964000001E-002           0
  0.98511314440290321        8.5790851964999998E-002           0
  0.98322019428751528       0.11021390775999999                0
  0.98022761188197882       0.13457057483000001                0
  0.97567832347823447       0.15884618161000000                0
  0.96933192730839091       0.18302610539000000                0
  0.96090762213094305       0.20709578108999999                0
  0.94985873355317829       0.23104071003000001                0
  0.93582809677545908       0.25484646868999999                0
  0.91958023457649729       0.27849871735999998                0
  0.90237953244216507       0.30198320883000002                0
  0.88435147922658386       0.32528579689999998                0
  0.86525871669321253       0.34839244495999999                0
  0.84574270685742270       0.37128923445000001                0
  0.82652199323559405       0.39396237318999999                0
  0.80827833457808596       0.41639820372000003                0
  0.79131583398752559       0.43858321154000002                0
  0.77488348382282857       0.46050403324000000                0
  0.75757426369010228       0.48214746453000001                0
  0.73802416081199707       0.50350046821000005                0
  0.71552013996560360       0.52455018204000003                0
  0.69061279063519421       0.54528392645000001                0
  0.66517020823563078       0.56568921222000002                0
  0.64119519913895828       0.58575374796000002                0
  0.61923390158381142       0.60546544753999998                0
  0.59832741537030909       0.62481243737000003                0
  0.57736698161579514       0.64378306356000004                0
  0.55588120498604621       0.66236589889999997                0
  0.53392785610603388       0.68054974979000005                0
  0.51127187810738361       0.69832366296000004                0
  0.48742307663334722       0.71567693207000005                0
  0.46290216981836557       0.73259910414999996                0
  0.43910723779438382       0.74907998593000003                0
  0.41710085548300369       0.76510964992999997                0
  0.39692999051114003       0.78067844049000001                0
  0.37819130038445919       0.79577697955000004                0
  0.36059010745095832       0.81039617232000005                0
  0.34388417829447415       0.82452721272999996                0
  0.32774656567843463       0.83816158878000002                0
  0.31187073822273809       0.85129108762000005                0
  0.29607079635413891       0.86390780055000005                0
  0.28024412351723699       0.87600412773000003                0
  0.26430752858324491       0.88757278276999996                0
  0.24818239896242458       0.89860679716000003                0
  0.23179191514283146       0.90909952440999997                0
  0.21503847406406024       0.91904464410999998                0
  0.19780449104945722       0.92843616566999998                0
  0.17999642081192763       0.93726843200999999                0
  0.16160552482648308       0.94553612289000000                0
  0.14276078870195147       0.95323425815999996                0
  0.12375255831378265       0.96035820076000000                0
  0.10500627741911092       0.96690365949000001                0
   8.7006263218121951E-002  0.97286669161999995                0
   7.0200704987575996E-002  0.97824370522000004                0
   5.4931745852646548E-002  0.98303146139999997                0
   4.1415541586172229E-002  0.98722707618000005                0
   2.9764802869176970E-002  0.99082802228000000                0
   2.0028141653785355E-002  0.99383213063999998                0
   1.2224214256409620E-002  0.99623759168000003                0
   6.3619481219626206E-003  0.99804295643999996                0
   2.4484414372858252E-003  0.99924713745000004                0
   4.8984057064251096E-004  0.99984940935000000                0
