   1.4385929643555989E-003 -0.99984940935000000                0
   7.1904710157776859E-003 -0.99924713745000004                0
   1.8680776893870692E-002 -0.99804295643999996                0
   3.5879292286545350E-002 -0.99623759168000003                0
   5.8721774039158799E-002 -0.99383213063999998                0
   8.7057694702335417E-002 -0.99082802228000000                0
  0.12054035197580379      -0.98722707618000005                0
  0.15846495135307787      -0.98303146139999997                0
  0.19962909808608797      -0.97824370522000004                0
  0.24235214148155568      -0.97286669161999995                0
  0.28474136474660516      -0.96690365949000001                0
  0.32510853432043746      -0.96035820076000000                0
  0.36230120246239716      -0.95323425815999996                0
  0.39578887710502947      -0.94553612289000000                0
  0.42552016332624742      -0.93726843200999999                0
  0.45168764760280500      -0.92843616566999998                0
  0.47454198505220513      -0.91904464410999998                0
  0.49433012721823721      -0.90909952440999997                0
  0.51133511271043885      -0.89860679716000003                0
  0.52590993230054239      -0.88757278276999996                0
  0.53847415270998888      -0.87600412773000003                0
  0.54946136190892658      -0.86390780055000005                0
  0.55931198461499565      -0.85129108762000005                0
  0.56851664508610011      -0.83816158878000002                0
  0.57742813386770431      -0.82452721272999996                0
  0.58598774595993453      -0.81039617232000005                0
  0.59384989210190475      -0.79577697955000004                0
  0.60080876041393005      -0.78067844049000001                0
  0.60699404016603009      -0.76510964992999997                0
  0.61259319152761804      -0.74907998593000003                0
  0.61784663144609042      -0.73259910414999996                0
  0.62291087662613553      -0.71567693207000005                0
  0.62761181546324596      -0.69832366296000004                0
  0.63172552537724247      -0.68054974979000005                0
  0.63531192927287472      -0.66236589889999997                0
  0.63862848322339505      -0.64378306356000004                0
  0.64192419381556132      -0.62481243737000003                0
  0.64525423036266960      -0.60546544753999998                0
  0.64859810752537095      -0.58575374796000002                0
  0.65236007953446762      -0.56568921222000002                0
  0.65692183778261515      -0.54528392645000001                0
  0.66229512667848511      -0.52455018204000003                0
  0.66824744204621567      -0.50350046821000005                0
  0.67438736290850276      -0.48214746453000001                0
  0.68009579588669966      -0.46050403324000000                0
  0.68512574167072327      -0.43858321154000002                0
  0.68965062732657900      -0.41639820372000003                0
  0.69384048125887088      -0.39396237318999999                0
  0.69813287424083370      -0.37128923445000001                0
  0.70351173117650545      -0.34839244495999999                0
  0.71041680086831516      -0.32528579689999998                0
  0.71779912600629636      -0.30198320883000002                0
  0.72450816380236083      -0.27849871735999998                0
  0.73045696218909095      -0.25484646868999999                0
  0.73593212596028845      -0.23104071003000001                0
  0.74082046838526339      -0.20709578108999999                0
  0.74509001509964823      -0.18302610539000000                0
  0.74919018881084043      -0.15884618161000000                0
  0.75331514304893721      -0.13457057483000001                0
  0.75743447242670725      -0.11021390775999999                0
  0.76181511430879489       -8.5790851964999998E-002           0
  0.76615369841889314       -6.1316118964000001E-002           0
  0.76977944439462231       -3.6804451425000002E-002           0
  0.77246592682320037       -1.2270614261000000E-002           0
  0.77462718157338695        1.2270614261000000E-002           0
  0.77685559185692454        3.6804451425000002E-002           0
  0.77906719954215997        6.1316118964000001E-002           0
  0.78106103344391820        8.5790851964999998E-002           0
  0.78293089918180148       0.11021390775999999                0
  0.78443708444316151       0.13457057483000001                0
  0.78517549637116935       0.15884618161000000                0
  0.78495369708588059       0.18302610539000000                0
  0.78370185060483666       0.20709578108999999                0
  0.78165415295664964       0.23104071003000001                0
  0.77929858374608452       0.25484646868999999                0
  0.77690841314976455       0.27849871735999998                0
  0.77465507236670095       0.30198320883000002                0
  0.77255435408593209       0.32528579689999998                0
  0.77033153204521454       0.34839244495999999                0
  0.76778957235257383       0.37128923445000001                0
  0.76492845230046946       0.39396237318999999                0
  0.76180046191213080       0.41639820372000003                0
  0.75822411336245710       0.43858321154000002                0
  0.75380834581579370       0.46050403324000000                0
  0.74845913969112055       0.48214746453000001                0
  0.74243882606615463       0.50350046821000005                0
  0.73623137544527806       0.52455018204000003                0
  0.73033833974825657       0.54528392645000001                0
  0.72477704789248987       0.56568921222000002                0
  0.71913946549405205       0.58575374796000002                0
  0.71323852921827402       0.60546544753999998                0
  0.70729502804772304       0.62481243737000003                0
  0.70154555614088876       0.64378306356000004                0
  0.69589849557684313       0.66236589889999997                0
  0.69005219472569712       0.68054974979000005                0
  0.68386923154208135       0.69832366296000004                0
  0.67751335482095232       0.71567693207000005                0
  0.67125351354431295       0.73259910414999996                0
  0.66521046176366738       0.74907998593000003                0
  0.65929328026561496       0.76510964992999997                0
  0.65332562201865696       0.78067844049000001                0
  0.64710417784340246       0.79577697955000004                0
  0.64026843315416881       0.81039617232000005                0
  0.63233213801542421       0.82452721272999996                0
  0.62292007551390105       0.83816158878000002                0
  0.61187500149580909       0.85129108762000005                0
  0.59908040737877299       0.86390780055000005                0
  0.58426191063160959       0.87600412773000003                0
  0.56702926020631994       0.88757278276999996                0
  0.54697458762738504       0.89860679716000003                0
  0.52366020786470235       0.90909952440999997                0
  0.49664914993607884       0.91904464410999998                0
  0.46565687558857516       0.92843616566999998                0
  0.43068999550727760       0.93726843200999999                0
  0.39209031503772740       0.94553612289000000                0
  0.35053643530966178       0.95323425815999996                0
  0.30703976315800985       0.96035820076000000                0
  0.26288982278857725       0.96690365949000001                0
  0.21950525492628475       0.97286669161999995                0
  0.17822786119600526       0.97824370522000004                0
  0.14015112066713323       0.98303146139999997                0
  0.10604907963654524       0.98722707618000005                0
   7.6404921858393565E-002  0.99082802228000000                0
   5.1491905799885176E-002  0.99383213063999998                0
   3.1456700598528925E-002  0.99623759168000003                0
   1.6379049338778703E-002  0.99804295643999996                0
   6.3049754778652925E-003  0.99924713745000004                0
   1.2614729176846095E-003  0.99984940935000000                0
