   5.1513369871142225E-004 -0.99984940935000000                0
   2.5742041179622516E-003 -0.99924713745000004                0
   6.6845783943692248E-003 -0.99804295643999996                0
   1.2832323972671032E-002 -0.99623759168000003                0
   2.0998714857409707E-002 -0.99383213063999998                0
   3.1157874436208609E-002 -0.99082802228000000                0
   4.3266387165407788E-002 -0.98722707618000005                0
   5.7242184848712976E-002 -0.98303146139999997                0
   7.2935967022797241E-002 -0.97824370522000004                0
   9.0108296151403144E-002 -0.97286669161999995                0
  0.10843289950704389      -0.96690365949000001                0
  0.12754148401232721      -0.96035820076000000                0
  0.14710421770075199      -0.95323425815999996                0
  0.16691362518551928      -0.94553612289000000                0
  0.18692767774154651      -0.93726843200999999                0
  0.20724626191679166      -0.92843616566999998                0
  0.22803671123913644      -0.91904464410999998                0
  0.24945365881096213      -0.90909952440999997                0
  0.27158965027672494      -0.89860679716000003                0
  0.29445780520045106      -0.88757278276999996                0
  0.31798123938045320      -0.87600412773000003                0
  0.34197132352967236      -0.86390780055000005                0
  0.36611328260582210      -0.85129108762000005                0
  0.39000494007502751      -0.83816158878000002                0
  0.41326045516683235      -0.82452721272999996                0
  0.43563660645592855      -0.81039617232000005                0
  0.45709753737165537      -0.79577697955000004                0
  0.47767177048773990      -0.78067844049000001                0
  0.49723008362853738      -0.76510964992999997                0
  0.51567416266974575      -0.74907998593000003                0
  0.53330349394394438      -0.73259910414999996                0
  0.55065056266990742      -0.71567693207000005                0
  0.56820666153053756      -0.69832366296000004                0
  0.58638653743123248      -0.68054974979000005                0
  0.60527854134361092      -0.66236589889999997                0
  0.62446207312022117      -0.64378306356000004                0
  0.64325525168811881      -0.62481243737000003                0
  0.66115956208698823      -0.60546544753999998                0
  0.67837337618081173      -0.58575374796000002                0
  0.69535650980009900      -0.56568921222000002                0
  0.71190254274904685      -0.54528392645000001                0
  0.72775596560367206      -0.52455018204000003                0
  0.74284388380086408      -0.50350046821000005                0
  0.75693202037080731      -0.48214746453000001                0
  0.76965597641346706      -0.46050403324000000                0
  0.78055458985552229      -0.43858321154000002                0
  0.78931755371389978      -0.41639820372000003                0
  0.79592183969655295      -0.39396237318999999                0
  0.80078942640521034      -0.37128923445000001                0
  0.80478413229170453      -0.34839244495999999                0
  0.80919842731160885      -0.32528579689999998                0
  0.81491283207842724      -0.30198320883000002                0
  0.82106576537004272      -0.27849871735999998                0
  0.82618223232767052      -0.25484646868999999                0
  0.82969884217012979      -0.23104071003000001                0
  0.83169432404166033      -0.20709578108999999                0
  0.83256967070007071      -0.18302610539000000                0
  0.83274264383499874      -0.15884618161000000                0
  0.83232068344868149      -0.13457057483000001                0
  0.83143009208309582      -0.11021390775999999                0
  0.83022865806359181       -8.5790851964999998E-002           0
  0.82849830719910844       -6.1316118964000001E-002           0
  0.82611180360921466       -3.6804451425000002E-002           0
  0.82333619948862824       -1.2270614261000000E-002           0
  0.82013676088712739        1.2270614261000000E-002           0
  0.81620593780778161        3.6804451425000002E-002           0
  0.81112580657941247        6.1316118964000001E-002           0
  0.80486028069613269        8.5790851964999998E-002           0
  0.79825499951451806       0.11021390775999999                0
  0.79251305045335041       0.13457057483000001                0
  0.78845798013642510       0.15884618161000000                0
  0.78595014113738959       0.18302610539000000                0
  0.78404027856856495       0.20709578108999999                0
  0.78188037780686126       0.23104071003000001                0
  0.77904983181553356       0.25484646868999999                0
  0.77555861182168850       0.27849871735999998                0
  0.77189776457430181       0.30198320883000002                0
  0.76843925551642600       0.32528579689999998                0
  0.76482637311800128       0.34839244495999999                0
  0.76074319794435796       0.37128923445000001                0
  0.75627751461185233       0.39396237318999999                0
  0.75155291669232926       0.41639820372000003                0
  0.74626689133095725       0.43858321154000002                0
  0.74011290933934504       0.46050403324000000                0
  0.73314980402295238       0.48214746453000001                0
  0.72583836711279404       0.50350046821000005                0
  0.71918985160410653       0.52455018204000003                0
  0.71369251009061174       0.54528392645000001                0
  0.70883731623296320       0.56568921222000002                0
  0.70433469772396584       0.58575374796000002                0
  0.70029149615326458       0.60546544753999998                0
  0.69670104369137464       0.62481243737000003                0
  0.69330213817411679       0.64378306356000004                0
  0.68944053082520240       0.66236589889999997                0
  0.68495388156957659       0.68054974979000005                0
  0.68028470323554302       0.69832366296000004                0
  0.67539747154665408       0.71567693207000005                0
  0.67017010223038320       0.73259910414999996                0
  0.66464342479435423       0.74907998593000003                0
  0.65896866949956778       0.76510964992999997                0
  0.65312778339988731       0.78067844049000001                0
  0.64676193063015808       0.79577697955000004                0
  0.63965560160520341       0.81039617232000005                0
  0.63173277750916590       0.82452721272999996                0
  0.62280683085711319       0.83816158878000002                0
  0.61266297654591240       0.85129108762000005                0
  0.60111600947639188       0.86390780055000005                0
  0.58788363369419239       0.87600412773000003                0
  0.57265303633199571       0.88757278276999996                0
  0.55506218604473212       0.89860679716000003                0
  0.53459940271810469       0.90909952440999997                0
  0.51079677393584699       0.91904464410999998                0
  0.48339727289183437       0.92843616566999998                0
  0.45224799333912580       0.93726843200999999                0
  0.41723544874481627       0.94553612289000000                0
  0.37841734731244431       0.95323425815999996                0
  0.33622357221623417       0.96035820076000000                0
  0.29159997696416023       0.96690365949000001                0
  0.24600099860277247       0.97286669161999995                0
  0.20118423525237908       0.97824370522000004                0
  0.15887074536401216       0.98303146139999997                0
  0.12044191966077436       0.98722707618000005                0
   8.6813645887357668E-002  0.99082802228000000                0
   5.8492706494917814E-002  0.99383213063999998                0
   3.5718002118349440E-002  0.99623759168000003                0
   1.8590722318585745E-002  0.99804295643999996                0
   7.1545560670356299E-003  0.99924713745000004                0
   1.4313158867792892E-003  0.99984940935000000                0
