   3.1469655148433649E-004 -0.99984940935000000                0
   1.5725664429820864E-003 -0.99924713745000004                0
   4.0832154873744432E-003 -0.99804295643999996                0
   7.8366020110141564E-003 -0.99623759168000003                0
   1.2818002149150359E-002 -0.99383213063999998                0
   1.9008380541732206E-002 -0.99082802228000000                0
   2.6384825860223990E-002 -0.98722707618000005                0
   3.4921011463569442E-002 -0.98303146139999997                0
   4.4587657382735062E-002 -0.97824370522000004                0
   5.5352991936864555E-002 -0.97286669161999995                0
   6.7183219858790874E-002 -0.96690365949000001                0
   8.0042985221648807E-002 -0.96035820076000000                0
   9.3895779898141477E-002 -0.95323425815999996                0
  0.10870422083865328      -0.94553612289000000                0
  0.12443013165207151      -0.93726843200999999                0
  0.14103442088385512      -0.92843616566999998                0
  0.15847682311755412      -0.91904464410999998                0
  0.17671561560835755      -0.90909952440999997                0
  0.19570741272900796      -0.89860679716000003                0
  0.21540707665874279      -0.88757278276999996                0
  0.23576769656989466      -0.87600412773000003                0
  0.25674051652673852      -0.86390780055000005                0
  0.27827466042182819      -0.85129108762000005                0
  0.30031652871656472      -0.83816158878000002                0
  0.32280884785427294      -0.82452721272999996                0
  0.34568956137121976      -0.81039617232000005                0
  0.36889105753721646      -0.79577697955000004                0
  0.39234055513387817      -0.78067844049000001                0
  0.41596263449688264      -0.76510964992999997                0
  0.43968464217881714      -0.74907998593000003                0
  0.46344479922262249      -0.73259910414999996                0
  0.48720136705293099      -0.71567693207000005                0
  0.51093971125225857      -0.69832366296000004                0
  0.53467348203484022      -0.68054974979000005                0
  0.55843718969726930      -0.66236589889999997                0
  0.58227015703139295      -0.64378306356000004                0
  0.60619513618295362      -0.62481243737000003                0
  0.63019734963758633      -0.60546544753999998                0
  0.65421033370587611      -0.58575374796000002                0
  0.67811333827529341      -0.56568921222000002                0
  0.70174129670365959      -0.54528392645000001                0
  0.72490371893615302      -0.52455018204000003                0
  0.74740627596622067      -0.50350046821000005                0
  0.76907131277173979      -0.48214746453000001                0
  0.78975890716363395      -0.46050403324000000                0
  0.80938999859216898      -0.43858321154000002                0
  0.82796334390841941      -0.41639820372000003                0
  0.84554867689322499      -0.39396237318999999                0
  0.86224467581394593      -0.37128923445000001                0
  0.87811534557066862      -0.34839244495999999                0
  0.89314622945644861      -0.32528579689999998                0
  0.90725913904258182      -0.30198320883000002                0
  0.92037201791220358      -0.27849871735999998                0
  0.93243957984572079      -0.25484646868999999                0
  0.94344431221547020      -0.23104071003000001                0
  0.95338666890890345      -0.20709578108999999                0
  0.96228478018247832      -0.18302610539000000                0
  0.97008772518238917      -0.15884618161000000                0
  0.97653573846481678      -0.13457057483000001                0
  0.98123292177072052      -0.11021390775999999                0
  0.98397508549787205       -8.5790851964999998E-002           0
  0.98489863023450797       -6.1316118964000001E-002           0
  0.98416372341632652       -3.6804451425000002E-002           0
  0.98177013891645903       -1.2270614261000000E-002           0
  0.97770733533028387        1.2270614261000000E-002           0
  0.97183810096081724        3.6804451425000002E-002           0
  0.96413545770374975        6.1316118964000001E-002           0
  0.95487017299605481        8.5790851964999998E-002           0
  0.94422424233112134       0.11021390775999999                0
  0.93248503210992217       0.13457057483000001                0
  0.92006021840602414       0.15884618161000000                0
  0.90726304091813115       0.18302610539000000                0
  0.89402588146023110       0.20709578108999999                0
  0.87990938243952432       0.23104071003000001                0
  0.86455999894301794       0.25484646868999999                0
  0.84851462838438996       0.27849871735999998                0
  0.83269075995015074       0.30198320883000002                0
  0.81720293123051968       0.32528579689999998                0
  0.80247667272467704       0.34839244495999999                0
  0.78899847214550256       0.37128923445000001                0
  0.77489844249052209       0.39396237318999999                0
  0.75792357300695212       0.41639820372000003                0
  0.73936067748638046       0.43858321154000002                0
  0.72246544445580940       0.46050403324000000                0
  0.70774772970960032       0.48214746453000001                0
  0.69404227921947459       0.50350046821000005                0
  0.68124110249086656       0.52455018204000003                0
  0.66909957200052317       0.54528392645000001                0
  0.65620753705589541       0.56568921222000002                0
  0.64195492008389321       0.58575374796000002                0
  0.62687252626906675       0.60546544753999998                0
  0.61100064060236303       0.62481243737000003                0
  0.59413201042133068       0.64378306356000004                0
  0.57687314241650767       0.66236589889999997                0
  0.56063324277268189       0.68054974979000005                0
  0.54498867548026508       0.69832366296000004                0
  0.52973030487186801       0.71567693207000005                0
  0.51603175049655270       0.73259910414999996                0
  0.50413131632826558       0.74907998593000003                0
  0.49326315115861680       0.76510964992999997                0
  0.48251541069882387       0.78067844049000001                0
  0.47111446897403764       0.79577697955000004                0
  0.45889548633679433       0.81039617232000005                0
  0.44589735647315204       0.82452721272999996                0
  0.43183003265760206       0.83816158878000002                0
  0.41681698076712936       0.85129108762000005                0
  0.40134632529344677       0.86390780055000005                0
  0.38571997199109609       0.87600412773000003                0
  0.36990187557781701       0.88757278276999996                0
  0.35372771065810132       0.89860679716000003                0
  0.33694676408155333       0.90909952440999997                0
  0.31923560881571306       0.91904464410999998                0
  0.30025603188835143       0.92843616566999998                0
  0.27968744290404013       0.93726843200999999                0
  0.25728427536280035       0.94553612289000000                0
  0.23299387739242347       0.95323425815999996                0
  0.20703625300976897       0.96035820076000000                0
  0.17989094637168909       0.96690365949000001                0
  0.15224868617760492       0.97286669161999995                0
  0.12496622054747891       0.97824370522000004                0
   9.8984495318143559E-002  0.98303146139999997                0
   7.5183300329302497E-002  0.98722707618000005                0
   5.4234555553184238E-002  0.99082802228000000                0
   3.6546519229020302E-002  0.99383213063999998                0
   2.2314415401455717E-002  0.99623759168000003                0
   1.1613135516215404E-002  0.99804295643999996                0
   4.4690773729914573E-003  0.99924713745000004                0
   8.9406389250023556E-004  0.99984940935000000                0
