   1.4358882590712586E-005 -0.99984940935000000              400
   7.1785997249948423E-005 -0.99924713745000004              400
   1.8661117165184068E-004 -0.99804295643999996              400
   3.5877535417703257E-004 -0.99623759168000003              400
   5.8808863136951468E-004 -0.99383213063999998              400
   8.7385503340310601E-004 -0.99082802228000000              400
   1.2140359178746851E-003 -0.98722707618000005              400
   1.6040337149622035E-003 -0.98303146139999997              400
   2.0359202563619383E-003 -0.97824370522000004              400
   2.4995156463599702E-003 -0.97286669161999995              400
   2.9855952610056730E-003 -0.96690365949000001              400
   3.4887311912797743E-003 -0.96035820076000000              400
   4.0064399016441227E-003 -0.95323425815999996              400
   4.5344032751037152E-003 -0.94553612289000000              400
   5.0595908211659010E-003 -0.93726843200999999              400
   5.5517857942346052E-003 -0.92843616566999998              400
   5.9577515082828592E-003 -0.91904464410999998              400
   6.2111249114558779E-003 -0.90909952440999997              400
   6.2625168617017630E-003 -0.89860679716000003              400
   6.1015938407796922E-003 -0.88757278276999996              400
   5.7435414310154243E-003 -0.87600412773000003              400
   5.2049977691356305E-003 -0.86390780055000005              400
   4.5057568965412124E-003 -0.85129108762000005              400
   3.6789076333482540E-003 -0.83816158878000002              400
   2.7849321948714735E-003 -0.82452721272999996              400
   1.9054346768513600E-003 -0.81039617232000005              400
   1.1418141747453589E-003 -0.79577697955000004              400
   6.0883247267180546E-004 -0.78067844049000001              400
   3.8222012754959318E-004 -0.76510964992999997              400
   4.8407217329293057E-004 -0.74907998593000003              400
   8.6850147589729503E-004 -0.73259910414999996              400
   1.4336851337362695E-003 -0.71567693207000005              400
   2.0186343472126346E-003 -0.69832366296000004              400
   2.3970300894617766E-003 -0.68054974979000005              400
   2.4480792950547364E-003 -0.66236589889999997              400
   2.3390754856818844E-003 -0.64378306356000004              400
   2.3258600227319599E-003 -0.62481243737000003              400
   2.4997270531972892E-003 -0.60546544753999998              400
   2.8830591448712624E-003 -0.58575374796000002              400
   3.4721680044362802E-003 -0.56568921222000002              400
   4.1453932183195931E-003 -0.54528392645000001              400
   4.6200775664566292E-003 -0.52455018204000003              400
   4.6358445460966081E-003 -0.50350046821000005              400
   4.1095177659049827E-003 -0.48214746453000001              400
   3.1108634881886850E-003 -0.46050403324000000              400
   1.9153002028688805E-003 -0.43858321154000002              400
   9.1738926269287213E-004 -0.41639820372000003              400
   3.2610563274241682E-004 -0.39396237318999999              400
   2.4856923954546071E-006 -0.37128923445000001              400
  -1.6589051213959175E-004 -0.34839244495999999              400
  -7.0975464046395010E-005 -0.32528579689999998              400
   2.1908685961562457E-004 -0.30198320883000002              400
   4.9086814283504294E-004 -0.27849871735999998              400
   6.9793612075738708E-004 -0.25484646868999999              400
   8.7885853239585943E-004 -0.23104071003000001              400
   1.0089116559353632E-003 -0.20709578108999999              400
   1.0562255776088549E-003 -0.18302610539000000              400
   1.0005546786057652E-003 -0.15884618161000000              400
   8.5264331459894850E-004 -0.13457057483000001              400
   7.1738479188791673E-004 -0.11021390775999999              400
   7.3192883904057526E-004  -8.5790851964999998E-002         400
   9.6920108937790627E-004  -6.1316118964000001E-002         400
   1.3736512542999446E-003  -3.6804451425000002E-002         400
   1.7674996959572118E-003  -1.2270614261000000E-002         400
   1.9950924838916806E-003   1.2270614261000000E-002         400
   1.9824892918149945E-003   3.6804451425000002E-002         400
   1.6983445502405839E-003   6.1316118964000001E-002         400
   1.1912128535949442E-003   8.5790851964999998E-002         400
   6.0085566178961678E-004  0.11021390775999999              400
   8.8798105393757983E-005  0.13457057483000001              400
  -2.6025597301442720E-004  0.15884618161000000              400
  -5.1414752695314459E-004  0.18302610539000000              400
  -8.2821471297679270E-004  0.20709578108999999              400
  -1.2934492978672438E-003  0.23104071003000001              400
  -1.9140212195928792E-003  0.25484646868999999              400
  -2.6522557001333914E-003  0.27849871735999998              400
  -3.3929589765728076E-003  0.30198320883000002              400
  -3.9290058868650564E-003  0.32528579689999998              400
  -4.0746413876526239E-003  0.34839244495999999              400
  -3.8037404819768672E-003  0.37128923445000001              400
  -3.2293534337637553E-003  0.39396237318999999              400
  -2.5027173867073010E-003  0.41639820372000003              400
  -1.8228177489897843E-003  0.43858321154000002              400
  -1.3487622742030180E-003  0.46050403324000000              400
  -1.0422347780293982E-003  0.48214746453000001              400
  -7.2191647906318264E-004  0.50350046821000005              400
  -2.5904769098133952E-004  0.52455018204000003              400
   2.5260223717541282E-004  0.54528392645000001              400
   6.8005784750617860E-004  0.56568921222000002              400
   1.0773107426916182E-003  0.58575374796000002              400
   1.4695594250920892E-003  0.60546544753999998              400
   1.8121679116591476E-003  0.62481243737000003              400
   2.1419926477014603E-003  0.64378306356000004              400
   2.4835272101451141E-003  0.66236589889999997              400
   2.7833209900486131E-003  0.68054974979000005              400
   2.9420126868907846E-003  0.69832366296000004              400
   2.8794113390091468E-003  0.71567693207000005              400
   2.5827288944854387E-003  0.73259910414999996              400
   2.1015036372862752E-003  0.74907998593000003              400
   1.4894711233548778E-003  0.76510964992999997              400
   7.5587117290674152E-004  0.78067844049000001              400
  -1.2691663806246338E-004  0.79577697955000004              400
  -1.1579578202553932E-003  0.81039617232000005              400
  -2.2342169154713643E-003  0.82452721272999996              400
  -3.1863640292650861E-003  0.83816158878000002              400
  -3.8815145134392191E-003  0.85129108762000005              400
  -4.2725750987288019E-003  0.86390780055000005              400
  -4.3840768931559188E-003  0.87600412773000003              400
  -4.2908939204913260E-003  0.88757278276999996              400
  -4.0780888663033499E-003  0.89860679716000003              400
  -3.7988346604052908E-003  0.90909952440999997              400
  -3.4729920703480536E-003  0.91904464410999998              400
  -3.1084331984222312E-003  0.92843616566999998              400
  -2.7194712180600073E-003  0.93726843200999999              400
  -2.3322030606495649E-003  0.94553612289000000              400
  -1.9742174123919920E-003  0.95323425815999996              400
  -1.6603674653349490E-003  0.96035820076000000              400
  -1.3892020023538345E-003  0.96690365949000001              400
  -1.1506898024533265E-003  0.97286669161999995              400
  -9.3558141746796265E-004  0.97824370522000004              400
  -7.3960101921955682E-004  0.98303146139999997              400
  -5.6278502306095375E-004  0.98722707618000005              400
  -4.0718562594768692E-004  0.99082802228000000              400
  -2.7508856452483892E-004  0.99383213063999998              400
  -1.6821384698094738E-004  0.99623759168000003              400
  -8.7587943035696557E-005  0.99804295643999996              400
  -3.3704295474572375E-005  0.99924713745000004              400
  -6.7418400450187710E-006  0.99984940935000000              400
