 -0.99984940935000000        1.7781582923092252E-003
 -0.99924713745000004        7.4660718125075283     
 -0.99804295643999996        7.4595022371951130     
 -0.99623759168000003        7.4482233863394782     
 -0.99383213063999998        7.4304860390906144     
 -0.99082802228000000        7.4013929795591133     
 -0.98722707618000005        7.3508791134261386     
 -0.98303146139999997        7.2623961376753972     
 -0.97824370522000004        7.1138508417467579     
 -0.97286669161999995        6.8818391700138362     
 -0.96690365949000001        6.5484366148699156     
 -0.96035820076000000        6.1083320003413926     
 -0.95323425815999996        5.5737999002598579     
 -0.94553612289000000        4.9747550983569484     
 -0.93726843200999999        4.3519634449708562     
 -0.92843616566999998        3.7456643329474728     
 -0.91904464410999998        3.1859100488858227     
 -0.90909952440999997        2.6892158069144805     
 -0.89860679716000003        2.2608950173540006     
 -0.88757278276999996        1.8998729798393479     
 -0.87600412773000003        1.6009785230919862     
 -0.86390780055000005        1.3529422292479540     
 -0.85129108762000005        1.1411529678970251     
 -0.83816158878000002       0.95838792400928119     
 -0.82452721272999996       0.80684406303258738     
 -0.81039617232000005       0.68997042020083388     
 -0.79577697955000004       0.60049264718884288     
 -0.78067844049000001       0.52692731559983863     
 -0.76510964992999997       0.46721162194505717     
 -0.74907998593000003       0.42264647559176510     
 -0.73259910414999996       0.38902344666342664     
 -0.71567693207000005       0.36316614994722640     
 -0.69832366296000004       0.34560089620393220     
 -0.68054974979000005       0.33287767517069133     
 -0.66236589889999997       0.31881517829038680     
 -0.64378306356000004       0.30052657153107981     
 -0.62481243737000003       0.27721582188887584     
 -0.60546544753999998       0.25052378332594011     
 -0.58575374796000002       0.22538456928273254     
 -0.56568921222000002       0.20589902068847943     
 -0.54528392645000001       0.19791168091461422     
 -0.52455018204000003       0.20539212656794550     
 -0.50350046821000005       0.21985779782188550     
 -0.48214746453000001       0.23280056195121560     
 -0.46050403324000000       0.24366822852192110     
 -0.43858321154000002       0.25130525067526310     
 -0.41639820372000003       0.24906147966915854     
 -0.39396237318999999       0.24078640862630799     
 -0.37128923445000001       0.23772384913946662     
 -0.34839244495999999       0.23804919656218884     
 -0.32528579689999998       0.23600411334263471     
 -0.30198320883000002       0.22717474764842338     
 -0.27849871735999998       0.21108481007064264     
 -0.25484646868999999       0.19354252957235696     
 -0.23104071003000001       0.17535172138002725     
 -0.20709578108999999       0.15131356809485297     
 -0.18302610539000000       0.12051173277548018     
 -0.15884618161000000        8.9373539054459078E-002
 -0.13457057483000001        6.4276018052027123E-002
 -0.11021390775999999        4.5816169393783475E-002
  -8.5790851964999998E-002   3.1686689655188317E-002
  -6.1316118964000001E-002   2.0336927906219642E-002
  -3.6804451425000002E-002   1.1140018034109632E-002
  -1.2270614261000000E-002   5.2487623602179879E-003
   1.2270614261000000E-002   2.2263814218995452E-003
   3.6804451425000002E-002  -2.2970655720450546E-003
   6.1316118964000001E-002  -1.3742922903523034E-002
   8.5790851964999998E-002  -3.4739846550105570E-002
  0.11021390775999999       -6.2064437775526650E-002
  0.13457057483000001       -8.8348221685698530E-002
  0.15884618161000000      -0.10705280848523129     
  0.18302610539000000      -0.11537493027834940     
  0.20709578108999999      -0.11446265458229403     
  0.23104071003000001      -0.10985851790372075     
  0.25484646868999999      -0.10680585429534242     
  0.27849871735999998      -0.10702208019774061     
  0.30198320883000002      -0.11182320711123410     
  0.32528579689999998      -0.12053311044436782     
  0.34839244495999999      -0.12928288405356864     
  0.37128923445000001      -0.13721957619390146     
  0.39396237318999999      -0.14769868630744623     
  0.41639820372000003      -0.16108475056488078     
  0.43858321154000002      -0.17332502615484269     
  0.46050403324000000      -0.18830897568186533     
  0.48214746453000001      -0.21082414495589355     
  0.50350046821000005      -0.23389302057665295     
  0.52455018204000003      -0.25456219628431914     
  0.54528392645000001      -0.27131705070564810     
  0.56568921222000002      -0.27702103408550066     
  0.58575374796000002      -0.27571589111294831     
  0.60546544753999998      -0.27245101895799678     
  0.62481243737000003      -0.26826628011641296     
  0.64378306356000004      -0.27273244749390596     
  0.66236589889999997      -0.29178399462116805     
  0.68054974979000005      -0.31898739186142128     
  0.69832366296000004      -0.35213910464135917     
  0.71567693207000005      -0.39172657265943667     
  0.73259910414999996      -0.43310707033086676     
  0.74907998593000003      -0.47894239515816539     
  0.76510964992999997      -0.53671080887849099     
  0.78067844049000001      -0.60860636657436384     
  0.79577697955000004      -0.69186412392679675     
  0.81039617232000005      -0.78412411604830701     
  0.82452721272999996      -0.88987601982720832     
  0.83816158878000002       -1.0144756371789361     
  0.85129108762000005       -1.1521147027126690     
  0.86390780055000005       -1.2960735014099267     
  0.87600412773000003       -1.4597999023914539     
  0.88757278276999996       -1.6692695365539294     
  0.89860679716000003       -1.9429071688842778     
  0.90909952440999997       -2.2880130215999746     
  0.91904464410999998       -2.7046643278227736     
  0.92843616566999998       -3.1870242888326539     
  0.93726843200999999       -3.7232512601406973     
  0.94553612289000000       -4.2941537138811858     
  0.95323425815999996       -4.8717741319929040     
  0.96035820076000000       -5.4213119382589543     
  0.96690365949000001       -5.9075495146434847     
  0.97286669161999995       -6.3040346680898409     
  0.97824370522000004       -6.6005467005377172     
  0.98303146139999997       -6.8042470508464996     
  0.98722707618000005       -6.9340986759557524     
  0.99082802228000000       -7.0125578990828537     
  0.99383213063999998       -7.0590738857167707     
  0.99623759168000003       -7.0872848352189814     
  0.99804295643999996       -7.1051938711493028     
  0.99924713745000004       -7.1167157227171369     
  0.99984940935000000       -7.1233704705988226     
